<?xml version="1.0"?>
<opencv_storage>
<calibration_Time>"Thu Jun  5 20:00:14 2014"</calibration_Time>
<nrOfFrames>50</nrOfFrames>
<image_Width>640</image_Width>
<image_Height>480</image_Height>
<board_Width>6</board_Width>
<board_Height>6</board_Height>
<square_Size>2.6200000762939453e+01</square_Size>
<FixAspectRatio>1.</FixAspectRatio>
<!-- flags:  +fix_aspectRatio +fix_principal_point +zero_tangent_dist -->
<flagValue>14</flagValue>
<Camera_Matrix type_id="opencv-matrix">
  <rows>3</rows>
  <cols>3</cols>
  <dt>d</dt>
  <data>
    3.4389697003093687e+02 0. 3.1950000000000000e+02 0.
    3.4389697003093687e+02 2.3950000000000000e+02 0. 0. 1.</data></Camera_Matrix>
<Distortion_Coefficients type_id="opencv-matrix">
  <rows>5</rows>
  <cols>1</cols>
  <dt>d</dt>
  <data>
    -2.9196381823669759e-01 8.4266149836601995e-02 0. 0.
    -1.0729104460383570e-02</data></Distortion_Coefficients>
<Avg_Reprojection_Error>6.8016042709624935e-01</Avg_Reprojection_Error>
<Per_View_Reprojection_Errors type_id="opencv-matrix">
  <rows>50</rows>
  <cols>1</cols>
  <dt>f</dt>
  <data>
    1.47290146e+00 3.83848608e-01 4.66420412e-01 9.14593995e-01
    6.31613612e-01 3.95670056e-01 9.22197878e-01 7.44538307e-01
    5.65159023e-01 6.17563784e-01 7.45954812e-01 5.40653050e-01
    7.16898501e-01 3.91858757e-01 4.11490738e-01 4.55824822e-01
    6.59702122e-01 4.49273318e-01 6.88763201e-01 7.11601853e-01
    6.36781573e-01 3.17219645e-01 6.14321411e-01 6.61604702e-01
    6.90510571e-01 4.62487429e-01 3.22788775e-01 3.86170298e-01
    4.92701203e-01 4.61307406e-01 9.05033171e-01 9.19461787e-01
    8.48523200e-01 8.60520720e-01 7.08678365e-01 8.52374911e-01
    8.32817972e-01 7.08693683e-01 4.27642971e-01 3.28822851e-01
    6.88271940e-01 7.14308143e-01 7.24644005e-01 5.27734995e-01
    7.83575237e-01 4.84622180e-01 8.66560757e-01 8.55374694e-01
    5.60351491e-01 7.70362914e-01</data></Per_View_Reprojection_Errors>
<!-- a set of 6-tuples (rotation vector + translation vector) for each view -->
<Extrinsic_Parameters type_id="opencv-matrix">
  <rows>50</rows>
  <cols>6</cols>
  <dt>d</dt>
  <data>
    1.9359306175798613e-01 4.4286772647900907e-01 1.4676178444994861e+00
    2.4534182593219811e+02 4.3075233963144541e+01 1.8917328053689852e+02
    -6.1061308861004122e-03 1.2931312592981312e-01
    1.5654884728266545e+00 -1.0652247084324161e+02
    -4.8380372896810250e+01 2.6317686806321944e+02
    -9.4063912200315403e-02 -4.5625130366258060e-01
    -2.2708345693536851e-02 -3.2366970872191780e+02
    -4.9070116301440748e+01 2.8037902706400394e+02
    -2.4592626971608172e-01 4.0703591823031571e-01
    -2.9400519950871763e-02 1.2391945453062073e+02
    2.9846147849724073e+01 2.5541014460042453e+02
    -3.7214596609581187e-02 1.7774992889053229e-01
    -9.3499440339775905e-03 -5.4242131833075703e+01
    -2.8327799505567782e+01 1.7368131228435379e+02
    -1.4501727879452314e-01 2.4894133272442237e-01
    -2.4491079301865362e-02 1.8662056196826350e+02
    -3.6969943141653395e+01 2.9184529104296058e+02
    -2.1169011311439342e-01 9.6589511088206653e-02
    4.7747962559937331e-02 6.0445372825763997e+01
    -1.3125411832971013e+01 1.6881699187636224e+02
    4.3397849122614479e-01 6.0719462857917439e-01 1.4717630890182258e+00
    2.5918098943036716e+02 -8.8325789739072079e+01
    2.4143226254840812e+02 -1.0355161747907933e-01
    -5.3491861981141442e-01 1.1332353117546998e+00
    -1.3828880396786832e+02 -3.7598976541736910e+01
    2.4087154941780042e+02 -3.7101390466121311e-03
    5.4577697361156396e-01 1.5132183604249749e-01 1.5807557052246540e+02
    -9.2406192636693234e+01 3.1587822197573172e+02
    -4.5417351041164067e-02 -2.2571941869353926e-01
    1.5059423978266517e+00 -1.0744846441213134e+02
    -9.3529767906758693e+01 2.7623729344414875e+02
    -3.7217140710740770e-01 2.5804317634157786e-01
    1.5595161007862485e-01 7.0277434035033137e-01
    -1.1153123600644577e+02 2.6071707126473945e+02
    -2.0738924970961906e-01 2.9657531113839375e-01
    4.0994858006303411e-02 -2.9740074015464376e+01
    -9.7584450980961037e+01 2.0399577719273111e+02
    5.8079078503018089e-01 8.2712778079401794e-01 1.5143794496159979e+00
    7.7555447355797256e+01 -7.6193945735424748e+01
    1.7017955216219278e+02 -3.5523582424288165e-02
    -3.1972334371312061e-01 4.7699924902591395e-02
    1.7085115217242937e+01 -9.1286179900743974e+01
    2.4822534032765407e+02 -1.6748544391128314e-01
    2.4179497065530461e-01 5.0792336322035480e-03 2.5156651639854019e+01
    -8.9057784755161251e+01 2.2888923460082810e+02
    2.9804410225229544e-01 5.5962210906934184e-01 1.5892275521230652e+00
    -2.1840055571311483e+00 -8.0370707680157452e+01
    1.7680703607815752e+02 3.5168361010284077e-01 4.3375414704990611e-01
    1.5350967112068026e+00 -1.2086873744702348e+01
    -1.3591790514257576e+02 2.1520771239305273e+02
    7.2314610085496955e-03 -4.6969046557203603e-01
    -1.5444736311429533e-01 1.0768451621754544e+01
    -9.2724763533707446e+01 1.6664680271863395e+02
    -1.0931327365649841e-01 3.9480080922407645e-01
    7.5375975675127632e-02 1.9494099593664075e+02
    -6.4523500043675469e+01 3.9485187530816205e+02
    6.7963345165152816e-02 -5.3130982545132571e-02
    5.6569571809265522e-03 -5.3057355695522560e+01
    -2.8953180206640639e+01 1.5263026890854027e+02
    -1.3443686815097411e-01 -1.0928042519532234e-01
    4.3973203007432026e-03 2.0246995209493161e+01
    -5.8713550791989064e+01 2.9292183522849035e+02
    -1.1284852475305283e-01 -3.3041024027429100e-01
    -3.1718749511490181e-02 -2.5020813120200606e+02
    -5.6268598104819327e+00 2.3768127199875190e+02
    -1.6592266908974410e-01 4.0300753771943837e-01
    1.1787240388513326e-01 -1.1361244491587571e+02
    -5.0312118159507713e-01 3.5741445287811945e+02
    -1.1141279068211322e-02 8.1958562858358985e-01
    2.0375177164554267e-01 2.2276809112285292e+02
    -2.3832236941377192e+02 3.1443927924809543e+02
    -1.5686147983218166e-01 1.7390295112411069e-01
    6.7300500914495395e-02 -3.5691054963248853e+01
    -7.0991272852564236e+01 2.3978870700427353e+02
    -3.2188818535024100e-01 -7.3631803373859148e-02
    6.0002173163586518e-02 9.7014037469876229e+01
    -1.0503372625913714e+02 2.4601316437465979e+02
    -3.6599004151857822e-01 -5.4465574444402753e-02
    3.0784178236485167e-02 8.2694580366435176e+01
    -1.7484491447545103e+01 2.1409745029929357e+02
    -3.8845851627889139e-01 4.8308742277967656e-03
    2.7742071617953532e-02 2.4723680245920395e+01
    -1.6479729713479408e+01 2.0705105392254183e+02
    -2.7950112254118492e-01 -2.7973909231603256e-01
    1.3732979852700453e-01 -5.6467305427029764e+01
    -1.9311224258513455e+01 1.7791124553521794e+02
    -2.3638503824790622e-01 -2.4469049154765435e-01
    1.5396591732873537e+00 -4.9972961665236355e+01
    -2.0251014761533643e+01 2.0862371675458618e+02
    -2.8779202408990495e-01 -5.2865167383029787e-01
    1.2839212690981956e+00 -1.5311105671412005e+02
    -1.9617465231040694e+02 2.3764715681808022e+02
    -6.9210075498059673e-02 4.5293673201957729e-01
    1.0759484746422571e-01 3.2830138768062869e+02
    -1.2106283111510847e+02 4.0920739125316754e+02
    -2.3000445650459753e-02 6.0106780081680222e-01
    7.7992799976906599e-02 1.3446306259377846e+02
    -1.5068352240728660e+02 4.6205134514710466e+02
    -8.3215230484782493e-02 -3.9154261949807992e-02
    1.3999405876076430e-02 9.8673304766228156e+01
    -1.4845235922881591e+02 3.9383935669626766e+02
    3.6629562976050127e-02 -4.1810541979364968e-01
    2.0882630029151732e-02 -1.7375874504843858e+02
    -6.6745179866713741e+01 3.4176521109953325e+02
    -7.6115848014442974e-02 1.7965357251006869e-01
    5.2365055192870630e-02 2.4551278542387664e+01
    -2.5819416933949682e+01 1.6834264368091365e+02
    4.2978268462732094e-01 -2.5206843760461409e-02
    1.5182770291883354e+00 1.1641844912078672e+02
    -2.1762481066735094e+02 4.2448282690814727e+02
    -1.2268969888485022e-01 -2.0582972978890754e-01
    1.4407155191973169e+00 -1.4865297952337338e+02
