<?xml version="1.0"?>
<opencv_storage>
<calibration_Time>"Thu Jun  5 21:38:00 2014"</calibration_Time>
<nrOfFrames>47</nrOfFrames>
<image_Width>496</image_Width>
<image_Height>480</image_Height>
<board_Width>6</board_Width>
<board_Height>6</board_Height>
<square_Size>2.6200000762939453e+01</square_Size>
<!-- flags:  +fix_principal_point -->
<flagValue>4</flagValue>
<Camera_Matrix type_id="opencv-matrix">
  <rows>3</rows>
  <cols>3</cols>
  <dt>d</dt>
  <data>
    3.1261275442821511e+02 0. 2.4750000000000000e+02 0.
    4.1363603012413478e+02 2.3950000000000000e+02 0. 0. 1.</data></Camera_Matrix>
<Distortion_Coefficients type_id="opencv-matrix">
  <rows>5</rows>
  <cols>1</cols>
  <dt>d</dt>
  <data>
    -3.1040765639375489e-01 1.3595616111501346e-01
    4.7603454523663831e-03 1.1647043614003800e-03
    -4.0691775516325690e-02</data></Distortion_Coefficients>
<Avg_Reprojection_Error>5.7553856815375082e-01</Avg_Reprojection_Error>
<Per_View_Reprojection_Errors type_id="opencv-matrix">
  <rows>47</rows>
  <cols>1</cols>
  <dt>f</dt>
  <data>
    2.61468321e-01 5.14047563e-01 4.70423043e-01 4.04448718e-01
    3.26267838e-01 3.31471950e-01 3.61986548e-01 8.51056516e-01
    3.44719231e-01 3.84244651e-01 4.66090560e-01 3.47174168e-01
    3.25359285e-01 6.62311196e-01 5.15358388e-01 5.58850646e-01
    6.64433360e-01 7.40984321e-01 7.06779599e-01 7.12168276e-01
    6.64742410e-01 6.24633610e-01 6.18935704e-01 3.10731798e-01
    5.17680109e-01 5.59515774e-01 8.67767215e-01 5.42095780e-01
    4.21028882e-01 4.37551707e-01 5.11491895e-01 8.69075060e-01
    5.64062178e-01 4.96197343e-01 7.98164546e-01 4.85401124e-01
    3.69858593e-01 3.74333918e-01 8.84730816e-01 8.43944788e-01
    4.30850297e-01 7.24628627e-01 6.82638288e-01 6.96486771e-01
    4.43272889e-01 6.64144278e-01 4.70980465e-01</data></Per_View_Reprojection_Errors>
<!-- a set of 6-tuples (rotation vector + translation vector) for each view -->
<Extrinsic_Parameters type_id="opencv-matrix">
  <rows>47</rows>
  <cols>6</cols>
  <dt>d</dt>
  <data>
    8.3368978590799392e-02 6.9365922413384554e-03 1.0603425023367516e-01
    -1.9537548025382566e+01 -1.5180998415295656e+02
    3.2257758683316922e+02 -1.4771653317360200e-01
    -1.9035446610381218e-01 1.3951997891230581e+00
    3.6804417260559042e+01 -9.3407435928931605e+01
    1.8912606251262687e+02 4.5151744492902081e-02 1.6286238703662942e-01
    3.5609762720524679e-01 -8.8686653158432108e+01
    -1.0998674059049178e+02 2.6361798197110102e+02
    -3.3093240848215154e-02 1.5502895814964607e-01
    1.0109074527771215e-01 -5.3254267765132193e+00
    -8.2214064609119731e+01 1.9512882544449693e+02
    -5.6708028746764736e-03 -3.6520152913056414e-01
    1.1356444785038133e-01 -1.5629682629398167e+02
    -5.9185918712418847e+01 1.9369601304994575e+02
    1.3193311055551127e-02 -1.9162869852292214e-01
    8.3918522215331012e-02 -7.0996129846155668e+01
    -1.1350462792376830e+02 2.5284797251692032e+02
    7.3980725891641883e-03 -1.3096942178687268e-01
    1.7460923563367611e-01 -6.0364594803089325e+01
    -6.6745192387274969e+01 2.3574553533624879e+02
    -6.0536471568134062e-02 9.4470404311069622e-01
    1.2784659538801565e-01 3.8732408567265374e+01
    -2.9033679202752094e+01 3.2159627176771977e+02
    -2.1227769573754243e-02 4.3176532456987293e-01
    4.6396715297735008e-02 2.9945265082745998e+01
    -4.0652061142317187e+01 2.3133474540565928e+02
    -2.0100689230998395e-02 -5.4859448503820318e-01
    1.2320831558243506e-01 -1.2819427140351573e+02
    -1.0371067161452473e+02 2.0397380308836131e+02
    -3.6830148665147777e-02 -1.1951373162690621e-01
    2.9562174303101867e-02 -1.1652275832838296e+02
    -5.2343350489314439e+01 1.9083246517627944e+02
    -1.9829311000533718e-02 -4.0562005929022982e-01
    6.2285164832919702e-02 -9.8446399604762547e+01
    -5.7063806614867723e+01 1.8879280910041803e+02
    -2.1168281767136077e-02 -3.0544540620921906e-01
    1.1806512515826909e-01 -1.4873245881196394e+02
    -5.9672261360412243e+01 1.9816766438171234e+02
    1.3658287287204285e-02 1.9374463143184592e-01 2.5489390204419077e-01
    -8.8028208641468098e+01 -1.2290221779581250e+02
    2.3220483685436392e+02 2.1920432283138100e-02 5.2489508689867104e-01
    1.5517717702935616e-01 2.3262397154754922e+01
    -1.4117599365364541e+02 2.5264514590499462e+02
    8.9654301771659464e-02 -5.1608373126391091e-02
    1.7175285950519362e-01 -6.0496060998802896e+01
    -1.5226911829328148e+02 3.8471061754742334e+02
    2.6261691950060399e-02 -2.2173835731458039e-01
    9.9940316903542895e-02 -6.5881292267326600e+01
    -1.5880151907087824e+02 4.6340701711949083e+02
    6.1087630926950784e-02 -1.6515711423204416e-01
    1.5493803383407009e-01 -7.5721805144114995e+01
    -1.7326261222491891e+02 4.3808242759750686e+02
    -1.5246442043602162e-01 2.2642920910484712e-01
    1.5778949848559826e-01 -6.6485921886394612e+00
    -2.7678482344375129e+02 5.1823462521221018e+02
    -5.8457236748351085e-02 5.3232792110842378e-02
    6.2674038965911333e-04 -4.4479572744746584e+01
    -2.5518261184141426e+02 5.4138491519777540e+02
    -2.4726169582817661e-02 1.2570776336364628e-01
    3.1650959015054714e-01 -6.9802801716716871e+01
    -1.2259962109816173e+02 2.0093389640135396e+02
    -4.3247826317289483e-02 8.7260265327314679e-02
    7.4956488949080524e-02 -5.6681189910321670e+01
    -9.2913857820310128e+01 1.9426142085761697e+02
    -3.3481701086333783e-02 9.8246217249531569e-03
    7.0052153435299858e-02 -8.6081589987549265e+01
    -5.8430942142764344e+01 1.9936707524379995e+02
    4.7729656384844802e-03 2.4031563270383283e-01 3.7063921548383498e-02
    -1.7846178194259202e-01 -3.8607397842754857e+01
    2.4003945929772820e+02 3.1302170861394155e-02
    -4.8567696205827501e-02 1.1617883023740709e-01
    -9.0198395860223357e+01 -1.2462943725885054e+02
    2.2257853022972759e+02 -7.2636101411930012e-02
    -3.6746384548740263e-01 1.6984971816765648e-01
    -1.2770101595852555e+02 -1.3033666052836125e+02
    1.8414310430684739e+02 1.5149348053286490e-02 3.9736182862347796e-01
    1.9290116452968603e-01 -1.5045952482139418e+02
    -1.2700592591854853e+02 3.0229470062324776e+02
    -1.2334767518709483e-02 4.7907028577849002e-02
    3.3634186999921767e-02 -1.3300162374587404e+02
    -1.0063120561560220e+02 2.4782795762514030e+02
    -1.0614384835879659e-03 -4.1080647137666287e-01
    5.4080613350374424e-02 -1.4367594500635454e+02
    -1.1681697246429209e+02 2.0009974571529676e+02
    -3.1362844533154119e-02 -1.8459817525862631e-03
    2.7061300413319146e-03 -1.0317180139916128e+02
    -1.4782212691335715e+01 2.3789101585180850e+02
    4.6409670342274778e-01 2.5114744632492653e-01
    -4.6518660712374614e-02 3.8393108108045652e+01
    7.9752547143005943e+00 2.3466600225233248e+02 7.6163585671832033e-03
    8.0051849881835146e-01 9.2604992210350331e-02 2.5123274550501023e+01
    -2.9584739076675692e+01 2.8990178141163784e+02
    6.3057766943470850e-01 7.6580673647046671e-01 1.3751414649981244e+00
    1.4400001552236765e+02 -3.2868223161288071e+01
    1.7367622070800766e+02 6.3993048295438948e-01 7.4279969281839875e-01
    1.3833289997503402e+00 1.4277223514978905e+02
    -4.4771663015587691e+01 1.7638239178872593e+02
    7.0872699752787044e-03 4.4519067774289356e-01 4.8990460388678214e-02
    -7.2603106078400060e+01 -3.9111948432458114e+01
    2.9485691419149003e+02 -5.6663132354549299e-03
    -7.0491840833282193e-01 3.3924790809995053e-02
    -1.4217317491095451e+02 -4.4791659414236719e+01
    1.6914888045503960e+02 1.5630391317536622e-02
    -3.8659178976915870e-01 -2.4893342524103085e-03
    -1.5980137808408060e+02 -1.5142441127537261e+01
    1.8589195118864433e+02 -6.0720033358764277e-03
    -5.3181634894370312e-02 5.4780304986359035e-03
    -3.9932877665565719e+01 -1.3969514508205092e+01
    2.2692345947818313e+02 1.6828822270822952e-01 2.1464809354151329e-01
    1.5604171430389355e+00 3.5949121693972344e+01
    -6.4188895333829208e+01 1.4694302584512207e+02
