<?xml version="1.0"?>
<opencv_storage>
<calibration_Time>"Thu Jun  5 20:04:28 2014"</calibration_Time>
<nrOfFrames>38</nrOfFrames>
<image_Width>496</image_Width>
<image_Height>480</image_Height>
<board_Width>6</board_Width>
<board_Height>6</board_Height>
<square_Size>2.6200000762939453e+01</square_Size>
<FixAspectRatio>1.</FixAspectRatio>
<!-- flags:  +fix_aspectRatio +fix_principal_point +zero_tangent_dist -->
<flagValue>14</flagValue>
<Camera_Matrix type_id="opencv-matrix">
  <rows>3</rows>
  <cols>3</cols>
  <dt>d</dt>
  <data>
    2.4545673608187753e+03 0. 2.4750000000000000e+02 0.
    2.4545673608187753e+03 2.3950000000000000e+02 0. 0. 1.</data></Camera_Matrix>
<Distortion_Coefficients type_id="opencv-matrix">
  <rows>5</rows>
  <cols>1</cols>
  <dt>d</dt>
  <data>
    -6.1735935988451818e+00 9.9251693870098912e+00 0. 0.
    3.8199981328954567e+02</data></Distortion_Coefficients>
<Avg_Reprojection_Error>5.2393010788509349e+00</Avg_Reprojection_Error>
<Per_View_Reprojection_Errors type_id="opencv-matrix">
  <rows>38</rows>
  <cols>1</cols>
  <dt>f</dt>
  <data>
    1.25777225e+01 2.56287885e+00 1.64218569e+00 5.49141359e+00
    3.28034711e+00 4.19550562e+00 2.80862331e+00 4.48971462e+00
    6.52038383e+00 2.48673129e+00 3.98369026e+00 9.88700771e+00
    6.32870770e+00 1.71074629e+00 3.92131186e+00 2.94459891e+00
    2.77062058e+00 6.93272471e-01 8.83158803e-01 1.23088765e+00
    2.64049244e+00 1.32441998e+01 1.09406319e+01 3.37089992e+00
    1.08413875e+00 4.66151094e+00 5.08095455e+00 3.30717254e+00
    2.58813453e+00 1.27864850e+00 3.68762350e+00 2.57253742e+00
    6.42440653e+00 3.42623925e+00 4.60878134e+00 6.07259560e+00
    5.11420202e+00 3.21667457e+00</data></Per_View_Reprojection_Errors>
<!-- a set of 6-tuples (rotation vector + translation vector) for each view -->
<Extrinsic_Parameters type_id="opencv-matrix">
  <rows>38</rows>
  <cols>6</cols>
  <dt>d</dt>
  <data>
    -8.0603427265570265e-02 -6.3373907824817666e-01
    -6.1164061230165330e-02 -4.6115608593618177e+01
    -5.0583530534139079e+01 9.8953541197105608e+02
    -2.0018717250572676e-02 7.3701756354198578e-01
    -1.6725051505571541e-02 -4.2587422593495155e+01
    -4.0520410422351652e+01 1.1429516641385562e+03
    -1.1315976058128332e-02 -6.7880366389422997e-01
    2.7156888626667541e-02 -1.3010098812272034e+01
    -1.0152138596691653e+02 1.7842697262019051e+03
    -8.9012813283383077e-02 -6.8655039022357678e-01
    1.0823122324636034e-01 -4.5608050040602128e+00
    -2.9758244177395351e+01 1.2385562883132266e+03
    -9.2755968589286017e-02 -6.1521708284552024e-01
    2.3853720778788445e-02 4.2032246154201687e+01
    -1.1417425217136635e+02 1.5046507573084564e+03
    4.5606139879461383e-01 -4.2986441193503094e-01
    -1.5531604981234766e+00 3.3624696617823375e+01
    1.8705993968701744e+01 1.6380109314967958e+03
    -5.1028391562273134e-01 -6.4337074381471115e-01
    1.1401090498297988e+00 5.3638171743553677e+01
    -3.9031252640320687e+01 1.5800494295162564e+03
    -2.2392061614879863e-01 -8.4527644508354904e-01
    5.1797271434620200e-02 -8.9025454534390533e+01
    -1.4107816247401922e+02 1.7787376452838403e+03
    3.4450865909140382e-01 8.0236833055361867e-01 1.4209456072952920e+00
    1.2666021504439128e+02 -1.5102889337910221e+02
    1.4618581620221503e+03 3.4889294707624963e-01 6.5923590763823736e-01
    1.0372064046146923e+00 -1.7168298702136976e+01
    -1.7180453201356020e+01 1.7591987687118556e+03
    -1.4068588943220955e-01 -7.3721204112363292e-01
    1.6047233207408249e-01 -7.5620531355550247e+00
    -5.9546380503560989e+01 1.2619707633885732e+03
    -6.0333727955755902e-02 -6.7469232962809600e-01
    9.1846076955687389e-03 -3.7213068897932565e+01
    -6.4020735949816483e+01 8.4879001114214361e+02
    -3.3794576547891671e-03 7.1679595379918803e-01
    3.5966211934442632e-02 -3.4783535087120079e+01
    -6.4581738308637512e+01 9.9040250684231785e+02
    3.6942680505074488e-02 6.7182686687026771e-01 2.3960337084733857e-02
    -9.2526960489372712e+01 -1.2004049590167257e+02
    2.0570744865149845e+03 -1.1244988815187849e-02
    7.1099249873758641e-01 -9.6992543041495905e-04
    -5.5883097781648978e+01 -5.0542514318769321e+01
    1.1286524449627577e+03 1.5957155540286143e-02 6.9756680500649981e-01
    4.6067234556814579e-02 -6.2925100965877625e+01
    -6.4402873043645585e+01 1.4698667287123785e+03
    -3.4226638665565627e-02 -7.6480996790203781e-01
    2.3282136144479087e-02 -8.2761460099284378e+01
    -2.8550422734046244e+01 1.3380801125281100e+03
    3.2216350768250454e-02 -6.7427628943314111e-01
    -7.0206690187969434e-02 4.0496308105191083e+00
    -9.7988979839270044e+01 3.2945875730273915e+03
    1.0624584125208773e-02 -6.5573348433368661e-01
    1.7081940071532468e-02 -1.1150744043686858e+01
    -1.4476689624029729e+02 2.6145161288232189e+03
    -1.0825616949442550e-03 -6.8675772022545867e-01
    -1.3617730628946441e-03 -1.5558399475205897e+01
    -9.7155511308896465e+01 2.1189305192081383e+03
    3.9732240668193072e-02 6.9481259379603721e-01 1.4866734074280138e-01
    -3.9516777759839151e+01 -1.0777148891785470e+02
    1.4498794103887342e+03 -3.6814918477641047e-02
    -6.2221396910339133e-01 -1.9191923128012219e-02
    -3.6047872195094634e+01 -7.4739381607750047e+01
    8.1999675391756398e+02 -1.1232969692970295e-01
    6.2341462042884943e-01 1.8034318834159398e-02
    -7.0895797301262419e+01 -8.4421274094310405e+01
    1.0489688643046009e+03 -3.2353754707040147e-02
    6.6187755440189955e-01 4.9217371852767366e-02
    -1.4494213710864116e+02 -2.3851116751352052e+01
    1.5115120311770997e+03 1.5935724178848230e-02 7.5499572396768144e-01
    6.5821580940913477e-02 -1.4380769742006089e+02
    2.4210948004044916e+01 1.7850334303841048e+03
    -1.3127034898937504e-01 6.6954334710665120e-01
    1.2197445999018765e-01 -9.5576270891872497e+01
    -1.1524633868866188e+02 1.5354466930514491e+03
    3.4231109859816644e-01 7.3621596922021093e-01 1.5152626205863429e+00
    9.2725822971972221e+01 -1.5382096223365488e+02
    1.6066000031726135e+03 -1.8614906103248893e-01
    7.4942781452760898e-01 5.9918278525385088e-02 5.6721085571851164e+00
    -1.5745657009020360e+02 1.9895543195538905e+03
    5.4561301279745356e-01 7.4626731279658021e-01 1.4736414942646945e+00
    6.1401069243806411e+01 -1.4334506871134255e+02
    2.0980815966615492e+03 1.2502217791835207e-01 6.3683719277536732e-01
    3.6617084019486346e-01 -7.6507417379119445e+01
    -1.7387396312412648e+02 2.1797209587921629e+03
    -5.3972063596381341e-02 6.4121558592562000e-01
    1.6478648777153000e-02 -1.4384606266720874e+02
    -7.8235125929392908e+01 1.4676571316203979e+03
    -2.8198170309453829e-02 -7.2852954113274093e-01
    -1.3644553701207582e-02 -1.2212390041356574e+02
    -1.0282246515665263e+02 1.6552791190749940e+03
    -2.4486890985832213e-01 -8.4778203118143247e-01
    3.1262571338685707e-01 -1.1899279135527148e+02
    -9.4403241713370690e+01 1.4747375835431949e+03
    -4.7257629782481647e-01 4.7685164845826217e-01
    -1.4391452984494928e+00 -1.3953372051040523e+02
    1.7067184420034977e+01 1.6374966618973106e+03
    -4.2447589161706684e-02 5.6735467685119745e-01
    -3.7576899342575493e-02 -1.4727812173074662e+02
    -1.4022216360349449e+02 1.6622223229537399e+03
    7.7767889031281536e-03 6.0077609777000762e-01 8.6504510656077685e-02
    -1.2722702340108222e+02 -9.0723901072468024e+01
    1.3580506916697432e+03 -1.6202551576541640e-02
    5.8502310173874184e-01 -5.4072428960517421e-02
    -1.2219407793004278e+02 -1.0443567563775922e+02
    1.5118975789699007e+03 -1.5177707686918501e-01
    -7.9819803660875066e-01 1.9400106739791287e-01
    -6.9533778932457665e+01 -5.8776260995408080e+01
    1.8310241502562380e+03</data></Extrinsic_Parameters>
