<?xml version="1.0"?>
<opencv_storage>
<calibration_Time>"Tue Apr  1 20:58:56 2014"</calibration_Time>
<nrOfFrames>10</nrOfFrames>
<image_Width>640</image_Width>
<image_Height>480</image_Height>
<board_Width>6</board_Width>
<board_Height>6</board_Height>
<square_Size>2.6200000762939453e+01</square_Size>
<!-- flags:  +fix_principal_point -->
<flagValue>4</flagValue>
<Camera_Matrix type_id="opencv-matrix">
  <rows>3</rows>
  <cols>3</cols>
  <dt>d</dt>
  <data>
    3.7530231459250223e+02 0. 3.1950000000000000e+02 0.
    3.7535139680237478e+02 2.3950000000000000e+02 0. 0. 1.</data></Camera_Matrix>
<Distortion_Coefficients type_id="opencv-matrix">
  <rows>5</rows>
  <cols>1</cols>
  <dt>d</dt>
  <data>
    -9.9659005137032824e-02 9.7374868588012628e-02
    -5.1061431272334135e-03 3.6194422797396972e-03
    -5.2409399742363506e-02</data></Distortion_Coefficients>
<Avg_Reprojection_Error>4.7646335777800303e-01</Avg_Reprojection_Error>
<Per_View_Reprojection_Errors type_id="opencv-matrix">
  <rows>10</rows>
  <cols>1</cols>
  <dt>f</dt>
  <data>
    4.21949238e-01 3.88999581e-01 7.57911682e-01 3.85722011e-01
    3.08662236e-01 4.85014796e-01 5.24954557e-01 6.55908823e-01
    2.71420032e-01 3.28063488e-01</data></Per_View_Reprojection_Errors>
<!-- a set of 6-tuples (rotation vector + translation vector) for each view -->
<Extrinsic_Parameters type_id="opencv-matrix">
  <rows>10</rows>
  <cols>6</cols>
  <dt>d</dt>
  <data>
    -3.4812298533507369e-02 2.9982398456628595e-01
    4.6471430303953509e-01 1.7260065987028341e+01 2.9553385739183501e+01
    4.0100566274578853e+02 -3.5906473271531286e-01
    2.6948387235180371e-01 1.5639920251741257e-01 7.9099344070621869e-01
    -1.1197174737686484e+02 2.5606698363952177e+02
    5.2777479217585310e-01 4.8238051420820077e-01
    -1.3806949816268836e-02 -6.1812809802543232e+00
    -8.1713783475590319e+01 2.8031151568597926e+02
    5.8423169070736103e-01 8.3026648988956886e-01 1.5140183455679681e+00
    7.7209065962398270e+01 -7.6227082143514011e+01
    1.6586076178098338e+02 -2.7863731621797096e-02
    -3.1188249407842761e-01 4.7405357506988557e-02
    1.6905089361139581e+01 -9.1236969055030443e+01
    2.4330833708606443e+02 8.7480189529815469e-02 3.2839510284453494e-01
    1.5622669296562868e+00 1.5159815389975535e+02
    -9.1214112228019985e+01 1.9038879177953524e+02
    2.8256232657254221e-01 5.3972628826143931e-01 1.5919974032262816e+00
    -2.1041284324255880e+00 -8.0364550585823082e+01
    1.7268070217373261e+02 -3.8419343923920707e-01
    9.1001683550189047e-02 -1.5116955265933782e+00
    -3.8881601590784427e+01 3.0563635296136464e+01
    1.7615177642869193e+02 -1.3535816509228576e-01
    -9.6305391461717890e-02 4.7218357870804223e-03
    2.0123139921787708e+01 -5.8666654022818307e+01
    2.8875316974519274e+02 -1.8417710342127269e-01
    3.9009003109087870e-01 1.1932607225995863e-01
    -1.1394417856404462e+02 -3.9434589868061198e-01
    3.5057415695399811e+02</data></Extrinsic_Parameters>
<Image_points type_id="opencv-matrix">
  <rows>10</rows>
  <cols>36</cols>
  <dt>"2f"</dt>
  <data>
    3.35625031e+02 2.66675262e+02 3.57069397e+02 2.78060638e+02
    3.79430603e+02 2.90027496e+02 4.02838837e+02 3.02329041e+02
    4.26281189e+02 3.14826263e+02 4.51070984e+02 3.27771301e+02
    3.24635468e+02 2.88448792e+02 3.45851105e+02 3.00288208e+02
    3.67891327e+02 3.12450256e+02 3.90651794e+02 3.25113800e+02
    4.14041779e+02 3.37939056e+02 4.38318756e+02 3.51371429e+02
    3.13987457e+02 3.10084320e+02 3.34705627e+02 3.22072723e+02
    3.56596710e+02 3.34428741e+02 3.79165833e+02 3.47223297e+02
    4.02182617e+02 3.60559326e+02 4.25947052e+02 3.74044708e+02
    3.03377594e+02 3.31417175e+02 3.23794556e+02 3.43578217e+02
    3.45315735e+02 3.56339172e+02 3.67430481e+02 3.69517151e+02
    3.90099457e+02 3.82762878e+02 4.13735260e+02 3.96727509e+02
    2.92818726e+02 3.52125977e+02 3.13158142e+02 3.64783783e+02
    3.34141968e+02 3.77802094e+02 3.55754791e+02 3.90938843e+02
    3.78381317e+02 4.04649933e+02 4.01509216e+02 4.18856049e+02
    2.82438293e+02 3.74199829e+02 3.02482544e+02 3.85718292e+02
    3.22795990e+02 3.99977173e+02 3.44572327e+02 4.12121399e+02
    3.66435089e+02 4.27289825e+02 3.89389038e+02 4.40677155e+02
    3.20937897e+02 7.73457794e+01 3.58033356e+02 7.63774796e+01
    3.97902740e+02 7.54423065e+01 4.40130371e+02 7.47467117e+01
    4.84133148e+02 7.37246780e+01 5.30133545e+02 7.37168121e+01
    3.12788452e+02 1.07585945e+02 3.51603821e+02 1.07292915e+02
    3.92648163e+02 1.06856422e+02 4.36233215e+02 1.07355476e+02
    4.81737152e+02 1.08271500e+02 5.30562012e+02 1.09139015e+02
    3.04724335e+02 1.40073532e+02 3.44385864e+02 1.40948792e+02
    3.86702271e+02 1.41911301e+02 4.31954590e+02 1.43493378e+02
    4.79611420e+02 1.45125427e+02 5.30059875e+02 1.47673965e+02
    2.95526398e+02 1.75693863e+02 3.36642761e+02 1.77636169e+02
    3.80287964e+02 1.80061188e+02 4.27499390e+02 1.82887253e+02
    4.76930847e+02 1.86446411e+02 5.29797791e+02 1.90256897e+02
    2.85897766e+02 2.14368744e+02 3.28237976e+02 2.17794754e+02
    3.73707581e+02 2.21601013e+02 4.22446320e+02 2.26253693e+02
    4.74125946e+02 2.31083374e+02 5.28470703e+02 2.35934967e+02
    2.75500885e+02 2.56172485e+02 3.19117432e+02 2.61317169e+02
    3.66218750e+02 2.66991760e+02 4.17075500e+02 2.72994446e+02
    4.70526276e+02 2.79457092e+02 5.27911621e+02 2.86485474e+02
    3.10970398e+02 1.30418304e+02 3.43102875e+02 1.29918457e+02
    3.78015747e+02 1.28804977e+02 4.16416687e+02 1.27656403e+02
    4.58201294e+02 1.27172928e+02 5.03943787e+02 1.26741722e+02
    3.16098602e+02 1.63896484e+02 3.46930115e+02 1.64471695e+02
    3.80211334e+02 1.65186111e+02 4.16849670e+02 1.66214386e+02
    4.56329529e+02 1.67710983e+02 4.99521515e+02 1.68815781e+02
    3.20639832e+02 1.94681198e+02 3.50221832e+02 1.96472763e+02
    3.82350006e+02 1.98754166e+02 4.17268890e+02 2.00835327e+02
    4.54756500e+02 2.03593613e+02 4.95036316e+02 2.06548355e+02
    3.25105591e+02 2.23377396e+02 3.53506134e+02 2.26234756e+02
    3.84330231e+02 2.29212387e+02 4.17531128e+02 2.32682922e+02
    4.53209778e+02 2.36528809e+02 4.91147156e+02 2.40597260e+02
    3.29159760e+02 2.49736053e+02 3.56405548e+02 2.53135818e+02
    3.85964050e+02 2.57280273e+02 4.17525513e+02 2.61263916e+02
    4.51661011e+02 2.66197510e+02 4.87711121e+02 2.70853638e+02
    3.33258423e+02 2.76766693e+02 3.59291534e+02 2.78035919e+02
    3.87722443e+02 2.85197235e+02 4.17930298e+02 2.87391266e+02
    4.50129761e+02 2.92768188e+02 4.84573059e+02 2.98395172e+02
    4.92117859e+02 6.94974518e+01 4.87900909e+02 1.24739571e+02
    4.83727722e+02 1.82433212e+02 4.79149902e+02 2.42696808e+02
    4.73934784e+02 3.04498199e+02 4.68361572e+02 3.67305084e+02
    4.41270386e+02 8.81300812e+01 4.36634491e+02 1.37399536e+02
    4.32031006e+02 1.89054947e+02 4.27293243e+02 2.42492157e+02
    4.21935455e+02 2.97552704e+02 4.16424652e+02 3.53502319e+02
    4.00216309e+02 1.03038483e+02 3.95383209e+02 1.48284302e+02
    3.90514435e+02 1.94466980e+02 3.85745728e+02 2.42890137e+02
    3.80570129e+02 2.92131531e+02 3.75146606e+02 3.42014374e+02
    3.65806549e+02 1.15889130e+02 3.61118561e+02 1.56789322e+02
    3.56475403e+02 1.98888489e+02 3.51499084e+02 2.43088211e+02
    3.46530334e+02 2.87793304e+02 3.41425049e+02 3.32799377e+02
    3.37428802e+02 1.26788116e+02 3.32782318e+02 1.64026367e+02
    3.28206787e+02 2.02898056e+02 3.23331055e+02 2.43283386e+02
    3.18516266e+02 2.84184418e+02 3.13596649e+02 3.25348114e+02
    3.13394745e+02 1.35675522e+02 3.08974091e+02 1.70365143e+02
    3.04512512e+02 2.06320999e+02 2.99802185e+02 2.43423203e+02
    2.95041229e+02 2.80921448e+02 2.90629089e+02 3.19005981e+02
    3.45074310e+02 9.94649200e+01 3.81406677e+02 1.05874367e+02
    4.15544556e+02 1.12204659e+02 4.47110199e+02 1.18151497e+02
    4.76631561e+02 1.23583519e+02 5.04084747e+02 1.29336334e+02
    3.43581329e+02 1.39114410e+02 3.80149414e+02 1.44248718e+02
