<?xml version="1.0"?>
<opencv_storage>
<calibration_Time>"Wed Jun 10 09:38:05 2015"</calibration_Time>
<nrOfFrames>14</nrOfFrames>
<image_Width>640</image_Width>
<image_Height>480</image_Height>
<board_Width>6</board_Width>
<board_Height>9</board_Height>
<square_Size>26.</square_Size>
<!-- flags:  +fix_principal_point -->
<flagValue>4</flagValue>
<Camera_Matrix type_id="opencv-matrix">
  <rows>3</rows>
  <cols>3</cols>
  <dt>d</dt>
  <data>
    8.1149864289850257e+02 0. 3.1950000000000000e+02 0.
    8.0620955151332714e+02 2.3950000000000000e+02 0. 0. 1.</data></Camera_Matrix>
<Distortion_Coefficients type_id="opencv-matrix">
  <rows>5</rows>
  <cols>1</cols>
  <dt>d</dt>
  <data>
    -4.3316162352531429e-01 1.9738891214789966e-01
    -8.4872640349435116e-04 -1.0526441769816545e-03
    7.7908205930572377e-02</data></Distortion_Coefficients>
<Avg_Reprojection_Error>4.1651720066112163e-01</Avg_Reprojection_Error>
<Per_View_Reprojection_Errors type_id="opencv-matrix">
  <rows>14</rows>
  <cols>1</cols>
  <dt>f</dt>
  <data>
    6.99661493e-01 5.05333841e-01 1.80066392e-01 1.70202300e-01
    2.89116323e-01 2.96152085e-01 2.64154851e-01 2.91911364e-01
    3.39692980e-01 4.74195391e-01 2.05888987e-01 6.33300900e-01
    6.52756810e-01 2.94010490e-01</data></Per_View_Reprojection_Errors>
<!-- a set of 6-tuples (rotation vector + translation vector) for each view -->
<Extrinsic_Parameters type_id="opencv-matrix">
  <rows>14</rows>
  <cols>6</cols>
  <dt>d</dt>
  <data>
    5.1312635945373185e-02 -8.8752823540160775e-01
    1.5869811606130693e+00 7.3474365770481555e+01
    -1.0100570249245841e+02 4.3977705313788351e+02
    1.7043288930183084e-01 -5.3803937676260405e-01
    1.5712245361641428e+00 1.6068627098826971e+02
    -9.7201628923499939e+01 4.3577005256449860e+02
    -1.2951516223206741e-01 -4.1727008765692031e-01
    1.5476822986722072e+00 -2.8087132532853659e+01
    -1.0440851911277274e+02 8.1589194779287118e+02
    1.0861247629158957e-02 -1.3516196003555592e-01
    1.5582174469085868e+00 1.2298891619114795e+02
    -1.1654340578357306e+02 8.1225460127517533e+02
    -1.0235550371966455e-01 -4.4891852248780634e-01
    1.5298620980860982e+00 3.8673247212912201e+00
    -1.3738395947551501e+02 5.8263110931985318e+02
    7.1757551912398137e-03 -4.4344410333145190e-01
    1.4683577915095127e+00 7.8810570657834290e+01
    -1.5437612697949987e+02 5.5424283782231794e+02
    1.7167032092585938e-01 -2.6657932340257801e-01
    1.5684999099382033e+00 1.9957228450353168e+02
    -1.2582917872140692e+02 5.2759582458619309e+02
    1.7463285990591662e-01 -2.3878672790922820e-01
    1.6095844423046310e+00 2.0138240479018091e+02
    -9.0986143215349188e+01 5.3940038994361419e+02
    -3.4212971878441356e-01 -8.3979656855159741e-03
    1.2381869572694664e+00 9.8434092206727954e+01
    -1.4019553059220178e+02 7.1803022485052963e+02
    -3.2905040544701797e-01 1.9149607176164543e-01
    1.3416045754120591e+00 1.0629236392710840e+02
    -1.2037461336842622e+02 5.0733347980068783e+02
    -2.6389536311487732e-01 -3.5280345984824885e-01
    1.5827553123949452e+00 -2.4895734504824109e+01
    -6.5415843532160707e+01 6.8340942811762113e+02
    -6.6879278322084279e-01 2.1690309325842988e-01
    1.2036159735743017e+00 -2.0288465678507780e+01
    -1.4290394338025911e+02 6.5351012292808662e+02
    -1.5185116988019204e-01 5.9325420673561369e-01
    1.3810365768295914e+00 1.1835553154296274e+02
    -1.3295048563495976e+02 4.8012555187761819e+02
    2.8570870450864155e-01 1.2850209585122738e-01 1.3079161164353790e+00
    8.7820210161170692e+01 -1.3319175245146437e+02
    4.7837303346407896e+02</data></Extrinsic_Parameters>
<Image_points type_id="opencv-matrix">
  <rows>14</rows>
  <cols>54</cols>
  <dt>"2f"</dt>
  <data>
    4.50702698e+02 6.10050201e+01 4.36556549e+02 1.01294289e+02
    4.23742096e+02 1.40721832e+02 4.11152924e+02 1.79525711e+02
    3.98404968e+02 2.16138916e+02 3.87134033e+02 2.50348206e+02
    4.13769470e+02 5.68901901e+01 3.99910339e+02 9.84766312e+01
    3.86661041e+02 1.38752457e+02 3.74250671e+02 1.78569855e+02
    3.62555450e+02 2.16465454e+02 3.51213806e+02 2.52518616e+02
    3.74745270e+02 5.28516235e+01 3.60620819e+02 9.60549850e+01
    3.47900757e+02 1.38201279e+02 3.35888336e+02 1.78882828e+02
    3.24906586e+02 2.18220551e+02 3.14134033e+02 2.54734680e+02
    3.32414032e+02 4.95514717e+01 3.19583862e+02 9.46574020e+01
    3.06454620e+02 1.37294388e+02 2.95967560e+02 1.80584213e+02
    2.85543030e+02 2.20688721e+02 2.75748871e+02 2.58730774e+02
    2.87341034e+02 4.63289871e+01 2.74358795e+02 9.22828903e+01
    2.62551025e+02 1.36770401e+02 2.52527374e+02 1.81051361e+02
    2.43255051e+02 2.22468140e+02 2.34244247e+02 2.60686829e+02
    2.38777069e+02 4.27285156e+01 2.27130219e+02 9.06965408e+01
    2.16346619e+02 1.36578842e+02 2.06976730e+02 1.81989288e+02
    1.98878525e+02 2.24417801e+02 1.91073334e+02 2.63410004e+02
    1.87670959e+02 4.00249443e+01 1.77078781e+02 8.95608826e+01
    1.67648117e+02 1.36906036e+02 1.59419052e+02 1.82718521e+02
    1.52918472e+02 2.26843338e+02 1.46697647e+02 2.67305084e+02
    1.34894073e+02 3.83860245e+01 1.25738342e+02 8.99197006e+01
    1.17877129e+02 1.38545517e+02 1.10426849e+02 1.84433228e+02
    1.05449188e+02 2.28730713e+02 1.00738396e+02 2.70159668e+02
    8.00658340e+01 3.67401085e+01 7.20169601e+01 8.89137192e+01
    6.56352081e+01 1.38680756e+02 6.05851364e+01 1.86508636e+02
    5.68343391e+01 2.30931198e+02 5.36684761e+01 2.71612549e+02
    5.96896057e+02 7.31344833e+01 5.89223938e+02 1.14498680e+02
    5.81565308e+02 1.55488358e+02 5.73619446e+02 1.95723206e+02
    5.65330322e+02 2.34142654e+02 5.56467224e+02 2.70973053e+02
    5.59765564e+02 6.90563431e+01 5.52164612e+02 1.11494118e+02
    5.44341431e+02 1.53015884e+02 5.36669739e+02 1.94481506e+02
    5.29118713e+02 2.34235992e+02 5.20905212e+02 2.71928619e+02
    5.20444580e+02 6.51903229e+01 5.12846863e+02 1.08817223e+02
    5.05555023e+02 1.51599762e+02 4.98208740e+02 1.93890686e+02
    4.91053467e+02 2.34694839e+02 4.83583923e+02 2.73460968e+02
    4.78402222e+02 6.17053146e+01 4.71680664e+02 1.06898224e+02
    4.63975555e+02 1.50369614e+02 4.58004211e+02 1.94401840e+02
    4.51408630e+02 2.35979813e+02 4.44479675e+02 2.75619110e+02
    4.33793182e+02 5.84455795e+01 4.27052643e+02 1.04372986e+02
    4.20575531e+02 1.49352310e+02 4.14740295e+02 1.93898010e+02
    4.09301605e+02 2.36406937e+02 4.02826813e+02 2.76461884e+02
    3.86593628e+02 5.53057709e+01 3.80771179e+02 1.02508171e+02
    3.75058655e+02 1.48345673e+02 3.69752075e+02 1.93670441e+02
    3.65055603e+02 2.36875351e+02 3.59659363e+02 2.77499817e+02
    3.37316162e+02 5.28682747e+01 3.32269226e+02 1.00920212e+02
    3.27582245e+02 1.47774277e+02 3.22994659e+02 1.93544052e+02
    3.19352509e+02 2.37817261e+02 3.15387329e+02 2.79385651e+02
    2.86766754e+02 5.13936615e+01 2.82855621e+02 1.00623924e+02
    2.79154175e+02 1.48232849e+02 2.75265900e+02 1.93754318e+02
    2.72697723e+02 2.38426346e+02 2.69759613e+02 2.80517181e+02
    2.34802338e+02 4.99480553e+01 2.31650375e+02 9.94414291e+01
    2.28938263e+02 1.47598495e+02 2.26674118e+02 1.94457535e+02
    2.24921036e+02 2.38714066e+02 2.23112701e+02 2.80373749e+02
    2.92027069e+02 1.37172348e+02 2.90835724e+02 1.62376907e+02
    2.90351715e+02 1.87630020e+02 2.89871765e+02 2.12702850e+02
    2.89211548e+02 2.37542831e+02 2.88536774e+02 2.62062134e+02
    2.67264465e+02 1.36911728e+02 2.66398407e+02 1.62489304e+02
    2.65602692e+02 1.87651993e+02 2.65141571e+02 2.13170715e+02
    2.64831818e+02 2.38280487e+02 2.64323456e+02 2.62853149e+02
    2.42274017e+02 1.36891953e+02 2.41342728e+02 1.62477081e+02
    2.40817139e+02 1.88140594e+02 2.40400146e+02 2.13689209e+02
    2.40258560e+02 2.38962234e+02 2.39831863e+02 2.64005493e+02
    2.16825256e+02 1.36798157e+02 2.16235596e+02 1.62882233e+02
    2.15429352e+02 1.88519562e+02 2.15424500e+02 2.14557892e+02
    2.15409470e+02 2.39987152e+02 2.15134537e+02 2.65177429e+02
