<?xml version="1.0"?>
<opencv_storage>
<calibration_Time>"Wed Jun 10 09:43:37 2015"</calibration_Time>
<nrOfFrames>9</nrOfFrames>
<image_Width>640</image_Width>
<image_Height>480</image_Height>
<board_Width>6</board_Width>
<board_Height>9</board_Height>
<square_Size>26.</square_Size>
<!-- flags:  +fix_principal_point -->
<flagValue>4</flagValue>
<Camera_Matrix type_id="opencv-matrix">
  <rows>3</rows>
  <cols>3</cols>
  <dt>d</dt>
  <data>
    3.1562527139373776e+02 0. 3.1950000000000000e+02 0.
    4.1497597501123084e+02 2.3950000000000000e+02 0. 0. 1.</data></Camera_Matrix>
<Distortion_Coefficients type_id="opencv-matrix">
  <rows>5</rows>
  <cols>1</cols>
  <dt>d</dt>
  <data>
    -3.2321511224060095e-01 1.2764307027779373e-01
    8.1098438352620995e-05 -4.3559848372649130e-03
    -2.5334731456352708e-02</data></Distortion_Coefficients>
<Avg_Reprojection_Error>5.7681208241965909e-01</Avg_Reprojection_Error>
<Per_View_Reprojection_Errors type_id="opencv-matrix">
  <rows>9</rows>
  <cols>1</cols>
  <dt>f</dt>
  <data>
    6.81914270e-01 8.02058637e-01 4.06376719e-01 4.26238000e-01
    4.53432590e-01 2.10316047e-01 8.41998458e-01 5.84907174e-01
    4.88233358e-01</data></Per_View_Reprojection_Errors>
<!-- a set of 6-tuples (rotation vector + translation vector) for each view -->
<Extrinsic_Parameters type_id="opencv-matrix">
  <rows>9</rows>
  <cols>6</cols>
  <dt>d</dt>
  <data>
    -1.0555158893025487e-01 7.7368984290476228e-02
    1.5516731994421689e+00 1.5047420141399849e+02
    -7.7267599078809880e+01 1.5074505056899594e+02
    -1.4197147315081002e-01 1.2273670102886228e-01
    1.5919678142094913e+00 1.2871578612849106e+02
    -9.0459649935151546e+01 1.5511356755875167e+02
    -3.7101617267067022e-01 -2.7126023269717389e-03
    -1.9087122579761449e+00 5.4835776201385180e+01
    7.5318553458364931e+01 2.2828405741905161e+02
    -2.6405291321988478e-01 1.6135619113003180e-01
    -2.0442276093519274e+00 4.6685728457799755e+01
    8.2844961407705696e+01 2.1704621713117714e+02
    -1.9300890021045164e-01 6.0360069063274080e-01
    -1.5809709812739106e+00 -3.0606233564208733e+01
    1.7740923584253814e+01 2.9899089326529963e+02
    -2.7013481421267566e-01 5.3731451860353652e-01
    -1.5674492095828669e+00 5.1332544654067767e+01
    -1.9836927768801740e+01 4.6946964936618656e+02
    2.3862511098276978e-01 1.0303211486558828e+00
    -1.5955867585196550e+00 -1.8366407819937418e+01
    1.3228714302871222e+01 3.2431791890657917e+02
    -3.2389224947717593e-01 3.3051602183440587e-01
    -1.4973127815976319e+00 -6.6141160400406321e+01
    4.4995046335032384e+01 2.1745891350555863e+02 9.2957456636583349e-02
    6.2270442714864116e-01 -1.6617332615658407e+00
    -2.3981877850436458e+01 1.4857794830054388e+01
    3.1220690713471447e+02</data></Extrinsic_Parameters>
<Image_points type_id="opencv-matrix">
  <rows>9</rows>
  <cols>54</cols>
  <dt>"2f"</dt>
  <data>
    5.49135620e+02 8.25097580e+01 5.58405273e+02 1.31138168e+02
    5.66374084e+02 1.83764771e+02 5.71951843e+02 2.39717712e+02
    5.73772888e+02 2.96770782e+02 5.72401001e+02 3.53233612e+02
    5.21653931e+02 7.35295486e+01 5.30948181e+02 1.25130577e+02
    5.38368164e+02 1.81323959e+02 5.44552612e+02 2.40669464e+02
    5.46436340e+02 3.02548615e+02 5.45417908e+02 3.62618347e+02
    4.89282257e+02 6.47864914e+01 4.98053406e+02 1.18643898e+02
    5.05471771e+02 1.78442139e+02 5.10788116e+02 2.41514984e+02
    5.13482239e+02 3.08420776e+02 5.12113953e+02 3.72596893e+02
    4.51337189e+02 5.63125191e+01 4.59549652e+02 1.12007820e+02
    4.65623871e+02 1.75652603e+02 4.71945435e+02 2.43627640e+02
    4.74088867e+02 3.14313110e+02 4.72799011e+02 3.83245911e+02
    4.07530273e+02 4.95075493e+01 4.13758118e+02 1.07814690e+02
    4.19305756e+02 1.73680969e+02 4.23660370e+02 2.45340927e+02
    4.25609070e+02 3.19589325e+02 4.24641113e+02 3.91442841e+02
    3.58845551e+02 4.59587860e+01 3.62945343e+02 1.04937256e+02
    3.66291565e+02 1.72545578e+02 3.69388824e+02 2.47048523e+02
    3.70507660e+02 3.23632141e+02 3.70391846e+02 3.97518982e+02
    3.07973114e+02 4.54980431e+01 3.08728973e+02 1.04483498e+02
    3.09525848e+02 1.72748444e+02 3.10506927e+02 2.48127518e+02
    3.11276123e+02 3.25706909e+02 3.11757111e+02 4.00971680e+02
    2.56970367e+02 4.66646461e+01 2.54464249e+02 1.05545586e+02
    2.52654678e+02 1.73507706e+02 2.52227890e+02 2.49049164e+02
    2.52292358e+02 3.25582916e+02 2.53623993e+02 4.00324768e+02
    2.08687958e+02 5.31858253e+01 2.03803940e+02 1.10928658e+02
    1.99841431e+02 1.77151443e+02 1.97329849e+02 2.49380478e+02
    1.97204391e+02 3.23566498e+02 1.99636719e+02 3.95249115e+02
    5.18404968e+02 5.30622330e+01 5.28290649e+02 9.89875107e+01
    5.37456421e+02 1.50214584e+02 5.45036316e+02 2.07455490e+02
    5.48957336e+02 2.68240814e+02 5.49388672e+02 3.30577606e+02
    4.86662476e+02 4.20337677e+01 4.95679779e+02 8.95635605e+01
    5.03784119e+02 1.43770767e+02 5.10809265e+02 2.04392944e+02
    5.15198120e+02 2.69109192e+02 5.15582581e+02 3.35940887e+02
    4.50217682e+02 3.14582195e+01 4.57887512e+02 8.04221725e+01
    4.64953430e+02 1.36708130e+02 4.70725769e+02 2.00493210e+02
    4.74510345e+02 2.69509918e+02 4.74905273e+02 3.40632080e+02
    4.08881744e+02 2.18783035e+01 4.14668915e+02 7.10852966e+01
    4.19248535e+02 1.30013596e+02 4.24262238e+02 1.95586014e+02
    4.26550751e+02 2.68688904e+02 4.26497009e+02 3.44516632e+02
    3.63895996e+02 1.52122335e+01 3.66138611e+02 6.56039886e+01
    3.68466888e+02 1.24877396e+02 3.70434479e+02 1.92524139e+02
    3.71103851e+02 2.67574707e+02 3.69960449e+02 3.46119293e+02
    3.16261383e+02 1.23054905e+01 3.15428894e+02 6.21770439e+01
    3.14208008e+02 1.21692719e+02 3.13083130e+02 1.90191910e+02
    3.11348206e+02 2.65762238e+02 3.09394836e+02 3.45031433e+02
    2.68484741e+02 1.25803661e+01 2.64115295e+02 6.17729073e+01
    2.59764008e+02 1.20692116e+02 2.55432953e+02 1.88586624e+02
    2.51467499e+02 2.63422607e+02 2.48744797e+02 3.41370819e+02
    2.22850327e+02 1.45128765e+01 2.15073761e+02 6.31365700e+01
    2.07893890e+02 1.20726364e+02 2.01865875e+02 1.88321686e+02
    1.96058685e+02 2.60139465e+02 1.92681885e+02 3.35355652e+02
    1.81067017e+02 2.13727760e+01 1.71625000e+02 6.92472839e+01
    1.62561417e+02 1.24924316e+02 1.54093597e+02 1.88209747e+02
    1.47669540e+02 2.56744080e+02 1.44643646e+02 3.27820953e+02
    3.90654999e+02 3.69059784e+02 3.80206329e+02 3.27698883e+02
    3.69174408e+02 2.86580627e+02 3.57837189e+02 2.45775757e+02
    3.46730682e+02 2.07129837e+02 3.36129028e+02 1.70662582e+02
    4.22534027e+02 3.53465515e+02 4.11667084e+02 3.12185791e+02
    4.00380249e+02 2.71203186e+02 3.88487762e+02 2.30489471e+02
    3.76511475e+02 1.91752502e+02 3.64854523e+02 1.55720413e+02
    4.53576050e+02 3.37090668e+02 4.42571838e+02 2.95758270e+02
    4.30715546e+02 2.55195007e+02 4.18227386e+02 2.14928467e+02
    4.05689178e+02 1.76686279e+02 3.93239685e+02 1.40995270e+02
    4.83412476e+02 3.19708954e+02 4.72431641e+02 2.79043030e+02
    4.60071777e+02 2.39112228e+02 4.47426544e+02 1.99064972e+02
    4.34336884e+02 1.61359344e+02 4.20838867e+02 1.26346413e+02
    5.11105713e+02 3.02645355e+02 4.99616516e+02 2.62637360e+02
    4.87327118e+02 2.23334824e+02 4.74556366e+02 1.84371658e+02
    4.60987793e+02 1.47534348e+02 4.47164062e+02 1.13751801e+02
    5.35898621e+02 2.85458405e+02 5.24975159e+02 2.46528824e+02
    5.12558716e+02 2.08308441e+02 4.99542419e+02 1.70526718e+02
    4.85818726e+02 1.34841217e+02 4.71697510e+02 1.02034340e+02
    5.58489502e+02 2.68864594e+02 5.47588806e+02 2.31241669e+02
    5.35672607e+02 1.93814590e+02 5.22544250e+02 1.57505219e+02
    5.08826508e+02 1.22794708e+02 4.94707245e+02 9.07019272e+01
    5.78904480e+02 2.53092468e+02 5.68631592e+02 2.16255249e+02
    5.56700684e+02 1.80047577e+02 5.43181396e+02 1.45518738e+02
    5.29544617e+02 1.12386230e+02 5.15381714e+02 8.11852188e+01
    5.96362000e+02 2.38387711e+02 5.86060913e+02 2.02920441e+02
