<?xml version="1.0"?>
<opencv_storage>
<calibration_Time>"Thu Jun  5 20:08:13 2014"</calibration_Time>
<nrOfFrames>53</nrOfFrames>
<image_Width>496</image_Width>
<image_Height>480</image_Height>
<board_Width>6</board_Width>
<board_Height>6</board_Height>
<square_Size>2.6200000762939453e+01</square_Size>
<FixAspectRatio>1.</FixAspectRatio>
<!-- flags:  +fix_aspectRatio +fix_principal_point +zero_tangent_dist -->
<flagValue>14</flagValue>
<Camera_Matrix type_id="opencv-matrix">
  <rows>3</rows>
  <cols>3</cols>
  <dt>d</dt>
  <data>
    8.7589504519106924e+02 0. 2.4750000000000000e+02 0.
    8.7589504519106924e+02 2.3950000000000000e+02 0. 0. 1.</data></Camera_Matrix>
<Distortion_Coefficients type_id="opencv-matrix">
  <rows>5</rows>
  <cols>1</cols>
  <dt>d</dt>
  <data>
    1.7371914744637915e+00 -2.8805623381703313e+01 0. 0.
    9.9123958060570004e+01</data></Distortion_Coefficients>
<Avg_Reprojection_Error>3.5721054094598497e+00</Avg_Reprojection_Error>
<Per_View_Reprojection_Errors type_id="opencv-matrix">
  <rows>53</rows>
  <cols>1</cols>
  <dt>f</dt>
  <data>
    3.84304929e+00 4.68456078e+00 2.98882246e+00 5.70124388e+00
    4.70403481e+00 4.83096123e+00 5.30894232e+00 3.09279871e+00
    7.57826424e+00 4.58002710e+00 3.56790066e+00 2.85185385e+00
    3.92301846e+00 1.51754189e+00 2.88508320e+00 3.00839210e+00
    1.65939701e+00 4.31667519e+00 2.08855844e+00 1.05791986e+00
    2.44797897e+00 3.11367679e+00 8.23526025e-01 1.22711563e+00
    2.04194927e+00 3.96882606e+00 4.22251749e+00 4.70988989e+00
    3.23186779e+00 2.95149541e+00 3.77077341e+00 2.12720251e+00
    1.15949702e+00 1.01707685e+00 1.54549861e+00 2.04543257e+00
    2.52949500e+00 3.17985010e+00 7.35177708e+00 2.83494782e+00
    3.48384404e+00 2.38789916e+00 3.96090412e+00 4.15115738e+00
    3.61042285e+00 3.86724949e+00 4.28301334e+00 3.31911445e+00
    3.59498882e+00 2.85705376e+00 3.38711643e+00 2.23626161e+00
    2.18625164e+00</data></Per_View_Reprojection_Errors>
<!-- a set of 6-tuples (rotation vector + translation vector) for each view -->
<Extrinsic_Parameters type_id="opencv-matrix">
  <rows>53</rows>
  <cols>6</cols>
  <dt>d</dt>
  <data>
    1.1616101186448659e-01 6.4405600382676875e-01 1.4754904866715950e+00
    -7.0595324559435149e+00 -4.2568161028082990e+01
    7.4182798076527786e+02 -1.0225519242432253e-01
    -6.9899153470920439e-01 -2.0403507485740316e-01
    -1.9111617029134308e+01 -4.3686950753847682e+01
    4.8901081397664069e+02 -6.2610456954504276e-02
    -6.2559842121867526e-01 7.0620156289147362e-02
    -1.3475153999946553e+01 -5.5707369653730908e+01
    6.5933422062391253e+02 -1.2875989743703825e-01
    -5.1028928150873321e-01 -1.3503657999614772e-02
    2.9975881026312798e+01 -7.7680998414460049e+01
    5.6605721536235251e+02 -2.6998323010115663e-02
    6.7223452903192260e-01 1.1247212377216000e-01
    -2.9979129254990163e+01 -6.1248500685561325e+01
    6.5364821560213068e+02 -2.7788444222155784e-01
    -2.8352929144774691e-01 5.8296780377257891e-03
    5.0631341010234614e+00 -1.6663289407095442e+02
    7.7330594239911989e+02 4.0404244705779996e-01 6.2919086977821936e-01
    1.4376837222297643e+00 5.6644793225087838e+01
    -4.4063483239952127e+01 4.8605163303025728e+02
    -1.2712394576520441e-02 6.7913690680254513e-01
    1.5942601205714388e-01 -2.1932335089301670e+01
    -5.8889273419329967e+01 7.7725534009354976e+02
    -1.3809889283080190e-01 -5.3722905167656521e-01
    -5.7775555735870159e-05 8.2061308375800337e+00
    -5.7283487593850431e+01 4.6762918171019896e+02
    -3.0273086802436044e-01 -4.2677193741886787e-01
    6.7534485482731069e-02 -3.5258059123813091e+01
    -1.8403386310322776e+02 7.4159047152446908e+02
    -3.2979402244715139e-01 -2.5866144642777611e-01
    1.0023287395727237e-01 -1.4426769552237930e+01
    -2.2545826499595486e+02 8.6305725416818302e+02
    3.8641599623542416e-01 6.6009589895684451e-01 1.4000513434660722e+00
    3.7995903423484620e+01 -1.8899561127358357e+01
    5.0369927051240182e+02 -1.2941568796458389e-01
    -8.5478492275431794e-01 -4.9220797890096018e-03
    -7.6086238647076996e+01 -6.3321048285717715e+01
    4.7476608474488091e+02 4.6504332566994688e-01 6.3841296379722579e-01
    1.4025061027788079e+00 3.5045054110972963e+01 3.8479332751966679e+00
    5.5198609846997397e+02 -5.3546255771376983e-01
    -5.5370723072721606e-01 1.4547696809665860e+00
    4.9522222444663065e+01 -5.5260144567880836e+01
    7.6223942239481562e+02 1.0005395857202320e-01 6.0381014592293558e-01
    1.4078570771680543e+00 -3.0373149712659444e+00
    -6.6930805353926701e+01 8.6239125244964748e+02
    -8.7368727461036411e-02 6.6233692468163463e-01
    -6.1438164660219986e-02 -8.0175244019363959e+01
    1.2958976047192571e+01 8.2094340137359154e+02 7.7363719102097231e-02
    6.8389708984095798e-01 1.4499645913272208e+00 3.9613502345498025e-01
    -4.8497731215214600e+01 7.0773955180223618e+02
    -4.0207525020918811e-01 -2.3407543685477181e-01
    -1.0400337005403902e-01 1.0228963476664789e+02
    -2.2509964381147574e+02 9.8153225808921320e+02
    4.3273930219841222e-01 6.9790392502868237e-01 1.3303446151690292e+00
    3.7315074279461733e+01 -4.8404441204023660e+00
    5.6658954559115693e+02 4.7179922352066939e-01 8.7390422192229522e-01
    1.2182067341982832e+00 4.5600835921835625e+01
    -4.5890850448262228e+01 5.7210955455134626e+02
    5.3769646309565777e-01 8.6226192145440006e-01 1.4737502361584225e+00
    4.0908215727039888e+01 -3.0650874084561121e+01
    5.5807489503600505e+02 -7.3153031073568686e-02
    -6.5577905802873804e-01 9.6948002794263827e-02
    -2.2908128849063779e+01 -3.5768712784547958e+01
    1.1136773689378829e+03 -7.0954483088748022e-02
    -6.5239119921045008e-01 1.9163248404237779e-01
    -2.5960070936774507e+01 -5.9797435675130401e+01
    1.0732415461850699e+03 6.3048538840879104e-02 6.4337829443545547e-01
    2.8555285093859156e-01 -2.3790312409608898e+01
    -8.8100470380933501e+01 1.0100457636381627e+03
    -3.3057341449173377e-01 -2.8501189767219115e-01
    4.9792676450104788e-02 -8.1462836630710473e+00
    -2.0385651370870653e+02 8.3186411856451446e+02
    -2.5745942431351221e-01 -3.5023194736001384e-01
    9.0110763614569447e-02 -2.4296227334949194e+01
    -1.9716593739506700e+02 7.8953043338871771e+02
    -3.6269277787469018e-01 -5.9380390528057458e-01
    1.9055995221238545e-01 -3.7242304315017734e+00
    -1.5894051886102653e+02 6.4722760422555370e+02
    -3.2052991605722508e-01 -7.4571535330545990e-01
    1.6302007479841178e-02 6.1970395090420688e+01
    -1.0778933523046886e+02 6.5022699036818949e+02
    5.3177945412199557e-01 8.3395086743849423e-01 1.5246534214409868e+00
    4.5030640490025483e+01 -3.4574669415658533e+01
    5.5507242042853647e+02 -7.8638559274413489e-02
    -5.4019998382887724e-01 4.6421464410976832e-02
    5.8893699222713771e+01 -6.1919771032065917e+01
    6.9728636758861580e+02 -7.7268183252257483e-02
    -8.4222497102517091e-01 -8.1077656394341252e-02
    -7.0398502924552588e+01 -3.9649814041734693e+01
    5.1220561986893881e+02 -7.4250040151888061e-02
    7.3142779794130142e-01 3.2959537329104609e-02
    -4.4146861630294154e+01 -8.3553047422525509e+01
    1.0447308111222285e+03 -7.6113889254276257e-02
    -8.5319766830580601e-01 1.5176743439808769e-02
    -7.7212275693387369e+01 -3.9547099284256191e+01
    6.2550280322766173e+02 -6.1582749900110166e-02
    6.3766335566748589e-01 8.8520989432793268e-02
    -8.1372315432282036e+01 -1.1031301071705137e+02
    1.0605603587697310e+03 3.3874719397742488e-03 5.7591570566036376e-01
    1.3494237060717645e-01 -1.0862358138848732e+02
    -1.1842766776634029e+02 1.0301074651713941e+03
    -1.4141614089725577e-01 -8.1340251263967134e-01
    4.7915187709947793e-01 -1.3205040815742717e+02
    -1.3763516003830131e+02 8.8765781367301986e+02
    -1.3462289248643519e-01 -8.8638608907864302e-01
    6.0193265589541009e-02 -1.3183454694966187e+02
    -3.0946948943614679e+01 5.7751161768283578e+02
    -7.3085878442998284e-02 5.5539476265011034e-01
