<?xml version="1.0"?>
<opencv_storage>
<calibration_Time>"Wed Jun 10 11:14:44 2015"</calibration_Time>
<nrOfFrames>41</nrOfFrames>
<image_Width>1280</image_Width>
<image_Height>960</image_Height>
<board_Width>6</board_Width>
<board_Height>9</board_Height>
<square_Size>26.</square_Size>
<!-- flags:  +fix_principal_point -->
<flagValue>4</flagValue>
<Camera_Matrix type_id="opencv-matrix">
  <rows>3</rows>
  <cols>3</cols>
  <dt>d</dt>
  <data>
    6.0163828269088560e+02 0. 6.3950000000000000e+02 0.
    5.9915910207311708e+02 4.7950000000000000e+02 0. 0. 1.</data></Camera_Matrix>
<Distortion_Coefficients type_id="opencv-matrix">
  <rows>5</rows>
  <cols>1</cols>
  <dt>d</dt>
  <data>
    -2.6885175270314104e-01 8.7310111791276762e-02
    -9.5487451217009820e-04 -1.9711507602690522e-03
    -1.3762526265010641e-02</data></Distortion_Coefficients>
<Avg_Reprojection_Error>1.5126794074089229e+00</Avg_Reprojection_Error>
<Per_View_Reprojection_Errors type_id="opencv-matrix">
  <rows>41</rows>
  <cols>1</cols>
  <dt>f</dt>
  <data>
    3.47003281e-01 4.31995124e-01 2.78102696e-01 5.11653841e-01
    4.24828887e-01 4.95282561e-01 4.74087179e-01 3.93215626e-01
    8.73548448e-01 1.15371096e+00 8.62937272e-01 8.88793051e-01
    5.74766338e-01 1.25099373e+00 7.25461960e-01 5.77337563e-01
    7.18237162e-01 8.07662070e-01 5.32495499e-01 8.40902090e-01
    1.43039489e+00 1.99647784e+00 2.27916074e+00 7.80046463e-01
    1.72151649e+00 1.53790712e+00 2.07107663e+00 3.27674961e+00
    2.47525978e+00 1.48529267e+00 1.14207137e+00 1.51664877e+00
    1.62611783e+00 2.20917392e+00 2.21489143e+00 1.16370189e+00
    1.93901944e+00 1.56599844e+00 2.39843869e+00 3.02965474e+00
    2.18320465e+00</data></Per_View_Reprojection_Errors>
<!-- a set of 6-tuples (rotation vector + translation vector) for each view -->
<Extrinsic_Parameters type_id="opencv-matrix">
  <rows>41</rows>
  <cols>6</cols>
  <dt>d</dt>
  <data>
    1.5929780853232081e-01 -9.2029962464581672e-02
    3.1099584834192635e+00 7.8119543298968964e+01
    -7.6006173242548840e+01 4.2925007209642268e+02
    -8.3545892590382281e-02 1.5733978127783097e-03
    -3.1338803884587132e+00 6.2787499294911463e+01
    4.4386860661958636e+00 5.2039108839387495e+02
    -7.8014216858659877e-02 -9.5492625372691842e-01
    -2.9179973437144802e+00 1.9975436774617307e+01
    3.4366104282232169e+02 7.0005662526094659e+02 6.1884978805949502e-02
    -6.9056278056663734e-01 -2.9095438831099489e+00
    1.5133705069637600e+02 8.0160407994173340e+01 5.6931368921841852e+02
    -1.4965993667946209e-01 -6.1572980649767961e-01
    -2.9559164083628988e+00 2.3874665669019390e+02
    5.3249072025987061e+01 5.4411611852001545e+02 1.3357864961440399e-01
    3.1783985681836230e-01 3.0132483719814460e+00 8.9803348896205382e+00
    -8.9073509518863645e+00 5.5545995026300295e+02
    1.0640865628889482e-01 -1.0155491163445310e-02
    2.9829597788119027e+00 1.4439381457092995e+02 2.8136438453839150e+02
    5.2003026942155066e+02 -7.1733244127984264e-02
    -4.0445782184829959e-01 -3.0892330259198184e+00
    8.8354105121683972e+01 3.5941412277269976e+01 5.0653133070938350e+02
    -1.9230162685525215e-02 -8.8742210595282811e-01
    -2.9758581821835945e+00 8.1997541389719231e+01
    -3.6249904856431421e+01 3.4603789702842550e+02
    7.1311410761670954e-02 1.2781446961262227e-01 3.1107488411169011e+00
    7.4881329879514439e+01 8.1134915511561957e+01 2.7622909266218119e+02
    6.7762769026344039e-02 -3.1910795574509238e-01
    3.0737444989944378e+00 8.7871995349749383e+01 1.8055159746648999e+02
    3.1795138520174766e+02 5.8904966297505490e-01
    -1.9453757674503919e-01 3.0075828687613004e+00
    3.8018394269433010e+01 6.4485778817013454e+01 2.8959394575574527e+02
    2.6787220234746828e-01 2.8864862004693227e-02 3.1181282678166884e+00
    1.8027794241298839e+01 5.1576886676144689e+01 3.2269020012445787e+02
    1.5465886674584686e-01 2.4400821135835811e-02
    -3.0538540879652922e+00 1.4184684902508931e+02
    6.1888626158748878e+01 2.4281660421318642e+02
    -1.0295818099226009e-01 3.4730766477194766e-02
    3.0713829792525376e+00 7.4637382077619122e+01 6.6066368428861779e+01
    2.4263049125793856e+02 1.1855415754560432e-01
    -2.0784842754618078e-02 3.1054855339627103e+00
    7.5838565873636000e+01 9.8388041450097148e+01 2.8006104737034678e+02
    1.1022592275740405e-01 -5.0788072736904775e-04
    3.1243077532387353e+00 7.4256127450656820e+01 1.0328101663015705e+02
    3.1094347757723489e+02 8.9106550820335056e-02 7.6967434280518243e-01
    2.9660335822369381e+00 9.2204284008481547e+00 4.3555732502363085e+01
    3.5413384844512939e+02 1.6139751166778082e-01 7.5787058981007027e-01
    2.9408962500532270e+00 1.0687964891511870e+01 2.0244043571256947e+02
    3.3383115222491551e+02 7.0629729484614615e-02
    -3.8274989242174395e-01 2.9284995422419757e+00
    -5.5128945378749151e+01 -5.3789230336742278e+01
    3.2163901893323356e+02 -1.1607592134234225e-01
    -6.2020712768825620e-02 -1.5395211476807811e+00
    -8.8062868647216376e+01 5.2261815717274416e+01
    1.3872644509768654e+02 -2.0095511319383454e-02
    5.2610675234223726e-02 -1.5943413325739644e+00
    -1.1212880762978025e+02 3.9659850319663263e+01
    1.1986511999585927e+02 -1.6202534189422687e-02
    2.4935066426458371e-02 -1.6021301545405908e+00
    -1.1530132165866164e+02 4.8416352379093382e+01
    1.6070321009636277e+02 -9.0307863241539360e-02
    3.7205036800649377e-02 -1.5500168239421268e+00
    -7.7295305427387419e+01 5.0356598564221862e+01
    2.3501647756896841e+02 -5.6443475283499765e-02
    -8.0409570287845664e-03 -1.6347595001123372e+00
    -1.5681247024676841e+02 1.0002350471008276e+02
    1.7128792583075708e+02 -4.3247834744910535e-02
    1.6511246972611648e-02 -1.6077971939122286e+00
    -1.7128552831951001e+02 7.5719453240969274e+00
    1.5868815789038959e+02 -9.1189636075221670e-03
    -2.2181158085230530e-02 -1.6122824498750292e+00
    -1.3745908507678655e+02 5.3699801259507083e+01
    1.4948619059115248e+02 -3.7073690518212944e-02
    2.2252028886154719e-02 -1.4697534812410900e+00
    -2.3471381488165459e+01 4.3565853863463111e+01
    1.4299586062953489e+02 -2.3371770973823165e-02
    1.6520088922814764e-02 -1.3463143309773093e+00
    -2.8579722996773977e+01 6.9714503443134447e+01
    1.5562494379809701e+02 -2.8172894907049502e-02
    1.6806997902594878e-02 -1.5307068771269126e+00
    -6.5702891487839636e+01 2.5930685272402748e+01
    1.6465200353086320e+02 -6.1975959793655576e-02
    -9.8022132707570667e-02 -1.5987612923995647e+00
    -2.0806965196087046e+02 4.9628088532412811e+01
    1.7908663022314948e+02 -4.5330176601325399e-02
    -9.4301651054997562e-02 -1.6166456338687718e+00
    -2.2894985241344310e+02 5.0502974227515843e+01
    1.7223126384951894e+02 -8.1062539847521237e-02
    -5.0077315602390655e-02 -1.4788056653643149e+00
    4.3698284438495854e+01 3.7167451497425652e+01 1.7718810522353496e+02
    -3.8236159040050878e-02 -8.1666907564816676e-02
    -1.5772055618929441e+00 -9.9540270213964874e+01
    1.4017456517646371e+01 1.5364245900160671e+02
    -7.0236903912859375e-02 -2.3438466149333481e-02
    -1.5885743616069574e+00 -8.6375337584963049e+01
    8.6547184417624763e+01 1.3493558751398118e+02
    -5.8532820560708507e-02 -4.0749544752194548e-02
    -1.5848389473007189e+00 -9.5214965450581118e+01
    4.6311061696629530e+01 1.4817312750304762e+02
    -5.9130482231431490e-02 -6.0593711007440987e-02
    -1.5231261303122201e+00 -2.2335219591173106e+00
    1.0680735620325255e+02 1.5597818724956153e+02
    -4.7984342141108770e-02 -4.8288796122513966e-02
    -1.6115708612176556e+00 -1.0192987490389193e+02
    6.0089102296925645e+01 1.5849005802078884e+02
    -3.2329589645594792e-02 -3.2200890917180050e-02
    -1.5246241355710153e+00 -1.7279329287174801e+02
    1.1146565664039362e+02 1.4954467523724117e+02
    -4.1669441498878489e-02 -5.6200049531498007e-02
    -1.4867522786534899e+00 -1.1911814849801387e+02
    5.6078922688888227e+01 1.4649837289472197e+02
