<?xml version="1.0"?>
<opencv_storage>
<calibration_Time>"Thu Jun  5 20:14:31 2014"</calibration_Time>
<nrOfFrames>35</nrOfFrames>
<image_Width>720</image_Width>
<image_Height>540</image_Height>
<board_Width>6</board_Width>
<board_Height>6</board_Height>
<square_Size>2.6200000762939453e+01</square_Size>
<FixAspectRatio>1.</FixAspectRatio>
<!-- flags:  +fix_aspectRatio +fix_principal_point +zero_tangent_dist -->
<flagValue>14</flagValue>
<Camera_Matrix type_id="opencv-matrix">
  <rows>3</rows>
  <cols>3</cols>
  <dt>d</dt>
  <data>
    4.6633525958990401e+02 0. 3.5950000000000000e+02 0.
    4.6633525958990401e+02 2.6950000000000000e+02 0. 0. 1.</data></Camera_Matrix>
<Distortion_Coefficients type_id="opencv-matrix">
  <rows>5</rows>
  <cols>1</cols>
  <dt>d</dt>
  <data>
    -3.0618167632572008e-01 1.0807218692619248e-01 0. 0.
    -1.8419600310800081e-02</data></Distortion_Coefficients>
<Avg_Reprojection_Error>6.1160697373866335e-01</Avg_Reprojection_Error>
<Per_View_Reprojection_Errors type_id="opencv-matrix">
  <rows>35</rows>
  <cols>1</cols>
  <dt>f</dt>
  <data>
    4.90682960e-01 3.84505868e-01 3.72276545e-01 3.74170125e-01
    4.10983682e-01 5.60210824e-01 6.59961224e-01 4.02538568e-01
    5.31999528e-01 7.14564979e-01 4.48365569e-01 6.95760250e-01
    6.47398889e-01 4.68368113e-01 3.83781701e-01 7.24777997e-01
    1.18239117e+00 7.34299302e-01 6.47027493e-01 5.10545194e-01
    4.67394024e-01 4.98306334e-01 3.57213438e-01 5.79318583e-01
    4.90343332e-01 5.16080022e-01 4.00751323e-01 4.73088562e-01
    7.60505974e-01 7.20048726e-01 4.31979984e-01 7.50278175e-01
    8.60252023e-01 7.46479392e-01 9.86662805e-01</data></Per_View_Reprojection_Errors>
<!-- a set of 6-tuples (rotation vector + translation vector) for each view -->
<Extrinsic_Parameters type_id="opencv-matrix">
  <rows>35</rows>
  <cols>6</cols>
  <dt>d</dt>
  <data>
    8.0023729895109097e-01 -8.3330574001470670e-01
    4.8262468025619593e-01 -1.9249893617304647e+02
    -2.0265174713062083e+02 3.3408586523733072e+02
    6.4957991781405511e-01 -4.1833071385699311e-01
    9.7259029235473449e-01 -3.6179112258800309e+01
    -2.1239775552057660e+02 4.1568904857998194e+02
    -9.1835824414569289e-01 -1.7051909277302546e-01
    1.5589030759237080e-01 -2.2046411284707790e+02
    4.1491682080695135e+01 3.9872219773788117e+02
    -7.2315913415664224e-01 7.0328074952268738e-01
    1.3539912711874773e+00 1.3781459786608582e+02 7.2819901500235730e+01
    3.9456111545249337e+02 -9.1936633674248158e-01
    -2.7842565494203780e-01 2.2737591314226566e-01
    -5.3227858321138797e+01 5.7780404002379832e+01
    4.1522066829483555e+02 -9.3338155946815060e-01
    5.2594634451615585e-01 1.2763164852683426e+00 8.9585849327085370e+01
    -2.2059420409585515e+00 3.6229933370101639e+02
    2.8281843452130212e-01 6.6360183447383392e-01 4.8371673635098461e-01
    2.1095637533491640e+01 -1.7997089381553721e+02
    5.3151096787495578e+02 -8.3916266482373580e-01
    -1.3836284964247433e-01 5.5325365134638198e-02
    -1.0114781650002102e+02 3.5403903828725795e+01
    4.7557234143903094e+02 -8.5036426776712981e-01
    -7.9141010890227881e-01 -1.2342143815365643e+00
    -1.2598583728681268e+02 9.4422306929251647e+01
    2.3001030103822484e+02 -3.8533964516982866e-01
    6.2181114761139400e-01 1.5270783124878282e+00 2.0506129422343616e+01
    -2.4557093993535556e+01 3.2979822651045839e+02
    -1.0226355234023490e+00 -1.7495388892606045e-02
    -3.9914015504285735e-02 7.8692097917058589e+01
    2.3046507962260647e+00 4.0878810891186816e+02
    -1.6778101943241239e-01 5.4247834125844063e-01
    1.3909819988037544e+00 8.2827865707568023e+01
    -8.8417980698240697e+01 3.7468252477136411e+02
    -5.0785561740130436e-01 5.3317445700193489e-01
    1.4862243020161059e+00 2.0688025627834438e+01
    -1.0914854923268560e+02 3.1373860875093766e+02
    4.8930782696778108e-01 -6.3116168237426351e-01
    3.6560049314525106e-01 -2.5436004382935468e+02
    -2.8496431320832926e+02 4.1935283179978148e+02
    -4.7499132672655470e-01 5.9253842847678551e-01
    1.4152018687806351e+00 8.9101155341709656e+01
    -1.6753080471285049e+01 4.8335043638041202e+02
    6.3070153201369983e-01 -9.3280676492618320e-01
    1.3354472741829176e-01 -2.3683043224335600e+02
    -2.3127351550955603e+02 4.5449616041262323e+02
    9.1058586577544764e-01 -1.0018521490406758e+00
    7.1881647691686090e-01 -6.8308758883699255e+01
    -1.7927422273965831e+02 3.1786102726098591e+02
    -8.4224940234102208e-01 9.4769071953448632e-03
    3.7143047878534466e-02 -1.2752765258487081e+02
    1.6456450469976858e+02 6.2646288630906031e+02
    -9.3318714890362597e-01 -5.6461452729508366e-02
    1.1852806697400950e-01 -1.2331833973833302e+02
    8.4124447186666998e+01 5.1780084104821390e+02 5.5485924423992683e-01
    -8.6494153503893545e-01 2.2395301164559317e-01
    -2.7459080702138380e+02 -2.3735078380365456e+02
    4.4892433747019322e+02 -9.1011937629896600e-01
    -1.1950728591582710e-01 8.3299559719166930e-02
    -7.8287867488494470e+01 -1.5464655745876970e+01
    3.9075461866087568e+02 7.4100817519769102e-01 1.0287887595890832e-01
    3.8811266414534429e-01 5.7123598488680635e+01
    -2.9127858037422544e+02 5.3292955305363387e+02
    -9.3067241006207579e-01 -4.6227285827891276e-02
    1.1799461058223709e-01 -5.2169658402053777e+01
    8.1653151656690298e+01 3.9775346063522431e+02 5.5771353958534897e-01
    -7.6279612006539743e-01 3.2853991764886881e-01
    -2.5717866293031261e+02 -2.4905420364675484e+02
    4.6178721455006411e+02 -4.9091188692814164e-01
    1.0020354194160785e+00 1.3497184455314277e+00 2.1056289400312735e+02
    6.3709230782405491e+01 4.1007310995624374e+02
    -1.1576679642944593e-01 1.2153032497454905e+00
    1.0789755336517575e+00 2.0584423065685283e+02 5.3086464382396954e+01
    3.7342953994794789e+02 -1.8969032764731980e-01
    1.0686979263723084e+00 1.1453390677721811e+00 1.6431105664750226e+02
    5.9468954213556238e+01 4.0307554607425789e+02
    -5.7345896515939287e-01 9.2286779597358737e-01
    1.4987087875181813e+00 1.5482601799858162e+02 3.8591367830508290e+01
    3.9159954974640090e+02 -5.1095431297142957e-01
    1.1263730412806769e+00 1.4057224819532947e+00 1.6531585582537789e+02
    4.1140973596348616e+00 4.1315738946326479e+02
    -2.1093457574254587e-01 1.1830226765869294e+00
    8.9813130883293579e-01 1.4207289063838766e+02
    -2.0028821196450899e+00 4.4343794710290013e+02
    -8.4372971742954139e-01 -1.1808867896114128e-01
    -2.5789704226225955e-02 4.3821950647251846e+01
    7.2934879754030533e+01 4.3974151739112659e+02 3.7729980766704951e-01
    6.2243959012294037e-01 1.9763670241541612e-01 1.2313005692757135e+02
    -2.4715540686673506e+02 5.3554471861620118e+02
    1.0244130712586486e+00 8.9210916721884932e-03 9.1533723064249528e-01
    5.2336342931608364e+01 -2.3938242433870238e+02
    4.1610898646600356e+02 3.7185099880328715e-01 4.3922205665232444e-01
    2.2376436720679391e-01 -6.8183319599617192e+01
    -2.9953080095429618e+02 5.6720501986189424e+02
    3.0872740849542563e-01 6.5842660086238203e-01 2.2321011415682571e-01
    2.4894542177914033e+02 -2.5270719756266348e+02
    5.3763428579133711e+02</data></Extrinsic_Parameters>
