<?xml version="1.0"?>
<opencv_storage>
<calibration_Time>"Thu Jun  5 20:01:07 2014"</calibration_Time>
<nrOfFrames>15</nrOfFrames>
<image_Width>640</image_Width>
<image_Height>480</image_Height>
<board_Width>6</board_Width>
<board_Height>6</board_Height>
<square_Size>2.6200000762939453e+01</square_Size>
<FixAspectRatio>1.</FixAspectRatio>
<!-- flags:  +fix_aspectRatio +fix_principal_point +zero_tangent_dist -->
<flagValue>14</flagValue>
<Camera_Matrix type_id="opencv-matrix">
  <rows>3</rows>
  <cols>3</cols>
  <dt>d</dt>
  <data>
    3.3343746227741065e+02 0. 3.1950000000000000e+02 0.
    3.3343746227741065e+02 2.3950000000000000e+02 0. 0. 1.</data></Camera_Matrix>
<Distortion_Coefficients type_id="opencv-matrix">
  <rows>5</rows>
  <cols>1</cols>
  <dt>d</dt>
  <data>
    -2.9636541960549578e-01 8.6618871758744886e-02 0. 0.
    -1.1464775968666801e-02</data></Distortion_Coefficients>
<Avg_Reprojection_Error>6.0682661507152114e-01</Avg_Reprojection_Error>
<Per_View_Reprojection_Errors type_id="opencv-matrix">
  <rows>15</rows>
  <cols>1</cols>
  <dt>f</dt>
  <data>
    3.40439409e-01 4.45136130e-01 5.77039182e-01 2.57269353e-01
    4.13523227e-01 4.96264964e-01 4.21074480e-01 6.44841254e-01
    8.96785259e-01 4.67877120e-01 7.55128622e-01 6.27133906e-01
    9.87850010e-01 6.63576901e-01 6.30187154e-01</data></Per_View_Reprojection_Errors>
<!-- a set of 6-tuples (rotation vector + translation vector) for each view -->
<Extrinsic_Parameters type_id="opencv-matrix">
  <rows>15</rows>
  <cols>6</cols>
  <dt>d</dt>
  <data>
    -2.8992096863699929e-01 -6.8183718757729328e-02
    1.1863300126816216e+00 5.6832796490748386e+01
    -1.4349710599551960e+02 2.5728245171117049e+02
    7.8461075175438810e-01 -5.3449274254143508e-01
    -2.2467486970261501e-02 -3.2021445083677541e+01
    -1.1461216754733870e+02 1.8188289935798142e+02
    -1.2262996988840412e-01 -5.5445610793706046e-01
    6.8773500040423888e-02 -2.3491119316423698e+02
    -1.5768295052082756e+01 3.0099293433320520e+02
    -1.6040088891054308e-01 1.9406106716082214e-02
    -1.8036715652780763e-01 -2.8506996452293055e+01
    -1.0157539341814866e+02 2.9157461286167489e+02
    3.9141448972113574e-01 -3.7033384157079369e-01
    1.0923406726715594e+00 1.4275626319754224e+02
    -1.8152429469712098e+02 2.7762761158909814e+02
    1.1419167877789893e-01 -5.3353841263576618e-01
    -5.8995768806989739e-03 -1.7214358975204556e+02
    -2.9367601700718957e+01 1.5928169490816896e+02
    -3.6093701652153604e-01 2.8086407546024404e-02
    1.2168257206431136e-02 3.0753866264018797e+01
    -5.5022099134686336e+01 2.4844835514061896e+02
    -7.9939260810951457e-02 4.1991848674011623e-01
    1.3166288906324723e+00 5.0180314010467789e+01
    -1.0261348976671587e+02 2.9831120208284460e+02
    1.4749767762567076e-01 -3.1908626112427246e-01
    1.2872197871292264e+00 7.1204004110977905e+01
    -8.3664716130040546e+01 1.3759266461133140e+02
    6.1074622778489251e-01 2.9419853253073691e-01 1.3016561950109042e+00
    9.9258682126085802e+01 -1.2969565457686812e+02
    1.8815343401206309e+02 -2.3060452919977206e-01
    -2.1874833734443579e-02 1.4754894841327872e+00
    -9.9159167185518456e+01 -8.3751354185450367e+01
    2.9074857637035825e+02 1.7714190424790510e-01 7.7799981543740557e-02
    1.4357136889498183e+00 1.2733368287889279e+02
    -1.0900160214774431e+02 4.7959246874795895e+02
    3.7920460884041546e-01 6.3919265653411339e-01
    -2.6575635028769645e-01 1.7847716711260901e+02
    -2.2050897223605878e+02 2.9651446684282945e+02
    1.0919486639200780e-02 2.5505847215837141e-01 1.2370223319503078e+00
    2.0910397077846397e+02 -1.7160784660658720e+02
    4.9686117279216467e+02 -3.5862542196695596e-01
    4.5873989290075107e-02 -1.8780005565764927e-02
    -3.2051254362930450e+01 -5.9485609470810758e+01
    4.4349499854598548e+02</data></Extrinsic_Parameters>
<Image_points type_id="opencv-matrix">
  <rows>15</rows>
  <cols>36</cols>
  <dt>"2f"</dt>
  <data>
    3.86419495e+02 7.14351501e+01 4.00440491e+02 9.58220673e+01
    4.14045868e+02 1.22335800e+02 4.28637970e+02 1.50180267e+02
    4.42567139e+02 1.79645615e+02 4.56267609e+02 2.10057678e+02
    3.60337494e+02 7.53152313e+01 3.73919189e+02 1.00550766e+02
    3.88290253e+02 1.27828918e+02 4.02701172e+02 1.57422089e+02
    4.17184326e+02 1.88398880e+02 4.31260712e+02 2.20491013e+02
    3.31717529e+02 7.97457199e+01 3.45149841e+02 1.06168129e+02
    3.58913879e+02 1.35185425e+02 3.73849945e+02 1.65765854e+02
    3.88496002e+02 1.98505417e+02 4.03250061e+02 2.32082382e+02
    3.00779297e+02 8.64936066e+01 3.13449890e+02 1.13730171e+02
    3.27432861e+02 1.43466187e+02 3.41705811e+02 1.75807358e+02
    3.56555328e+02 2.09657257e+02 3.71703461e+02 2.45186569e+02
    2.68346985e+02 9.44379272e+01 2.80126038e+02 1.22236465e+02
    2.92950104e+02 1.53404770e+02 3.07284729e+02 1.87026093e+02
    3.22213409e+02 2.22661575e+02 3.37620483e+02 2.59392914e+02
    2.34495514e+02 1.03770523e+02 2.45209442e+02 1.32747131e+02
    2.57141449e+02 1.64668427e+02 2.70690369e+02 1.99584717e+02
    2.85471008e+02 2.36344315e+02 3.00879425e+02 2.74395844e+02
    2.67321960e+02 5.23555832e+01 3.04877777e+02 5.29391212e+01
    3.39155670e+02 5.55474358e+01 3.69192078e+02 5.89686356e+01
    3.95722748e+02 6.28884888e+01 4.18791931e+02 6.66392670e+01
    2.62441772e+02 9.08241043e+01 2.99029938e+02 8.96047745e+01
    3.31627197e+02 8.99802094e+01 3.61554810e+02 9.05934219e+01
    3.87076263e+02 9.23283997e+01 4.10268219e+02 9.39867477e+01
    2.59062195e+02 1.26552635e+02 2.93590179e+02 1.23629456e+02
    3.25202972e+02 1.21429558e+02 3.53619019e+02 1.20764420e+02
    3.79136414e+02 1.20458260e+02 4.01358337e+02 1.20565033e+02
    2.56342712e+02 1.59576294e+02 2.89061676e+02 1.54819748e+02
    3.18912781e+02 1.51627853e+02 3.46656677e+02 1.48779739e+02
    3.71159882e+02 1.46976089e+02 3.93366150e+02 1.45380402e+02
    2.54300400e+02 1.88703949e+02 2.85098022e+02 1.83272522e+02
    3.13677612e+02 1.78412491e+02 3.39896545e+02 1.74612747e+02
    3.63801849e+02 1.71240036e+02 3.85314636e+02 1.68876083e+02
    2.52890320e+02 2.14623154e+02 2.81755402e+02 2.08227798e+02
    3.08747955e+02 2.02724426e+02 3.34249847e+02 1.98002945e+02
    3.57072784e+02 1.93749542e+02 3.78167633e+02 1.90228622e+02
    9.97775955e+01 2.25347198e+02 1.21694550e+02 2.27584503e+02
    1.44137970e+02 2.29371262e+02 1.66643021e+02 2.31741379e+02
    1.89402664e+02 2.34092651e+02 2.11547470e+02 2.35292664e+02
    9.67892380e+01 2.49805481e+02 1.19104630e+02 2.51660507e+02
    1.41467896e+02 2.53924500e+02 1.64484131e+02 2.55451172e+02
    1.87311172e+02 2.57780731e+02 2.09840500e+02 2.59442657e+02
    9.48813095e+01 2.74042664e+02 1.16962807e+02 2.76278412e+02
    1.39969543e+02 2.77500031e+02 1.62894577e+02 2.79767914e+02
    1.85773529e+02 2.81213623e+02 2.08320923e+02 2.82635101e+02
    9.36990967e+01 2.98894806e+02 1.16033119e+02 3.00702820e+02
    1.38876099e+02 3.02556061e+02 1.61820740e+02 3.03687378e+02
    1.84727097e+02 3.04999878e+02 2.07341354e+02 3.05786163e+02
    9.34323120e+01 3.23428223e+02 1.15818275e+02 3.25365051e+02
    1.38306992e+02 3.26271637e+02 1.61460785e+02 3.27628662e+02
    1.84103394e+02 3.28284424e+02 2.06775330e+02 3.28773895e+02
    9.40769348e+01 3.47495392e+02 1.16877937e+02 3.48535187e+02
    1.38818390e+02 3.50310394e+02 1.61244934e+02 3.50792603e+02
    1.84175964e+02 3.51324768e+02 2.06368805e+02 3.51237396e+02
    2.88103912e+02 1.27739212e+02 3.16144165e+02 1.22521042e+02
    3.44518036e+02 1.17831558e+02 3.72459259e+02 1.13624489e+02
    3.99421722e+02 1.10439339e+02 4.25166473e+02 1.07800720e+02
    2.92297821e+02 1.53414337e+02 3.21429779e+02 1.47925140e+02
    3.50432251e+02 1.42884445e+02 3.79385468e+02 1.38445175e+02
    4.06879333e+02 1.35242310e+02 4.33308990e+02 1.32092880e+02
    2.97148834e+02 1.80576920e+02 3.26740326e+02 1.74941208e+02
    3.56734741e+02 1.69636063e+02 3.86176331e+02 1.65129517e+02
    4.14364960e+02 1.60794144e+02 4.41130585e+02 1.57496460e+02
