<?xml version="1.0"?>
<opencv_storage>
<calibration_Time>"Thu Jun  5 20:11:53 2014"</calibration_Time>
<nrOfFrames>47</nrOfFrames>
<image_Width>720</image_Width>
<image_Height>540</image_Height>
<board_Width>6</board_Width>
<board_Height>6</board_Height>
<square_Size>2.6200000762939453e+01</square_Size>
<FixAspectRatio>1.</FixAspectRatio>
<!-- flags:  +fix_aspectRatio +fix_principal_point +zero_tangent_dist -->
<flagValue>14</flagValue>
<Camera_Matrix type_id="opencv-matrix">
  <rows>3</rows>
  <cols>3</cols>
  <dt>d</dt>
  <data>
    4.7141316825032027e+02 0. 3.5950000000000000e+02 0.
    4.7141316825032027e+02 2.6950000000000000e+02 0. 0. 1.</data></Camera_Matrix>
<Distortion_Coefficients type_id="opencv-matrix">
  <rows>5</rows>
  <cols>1</cols>
  <dt>d</dt>
  <data>
    -3.2028456750206591e-01 1.3196583879414628e-01 0. 0.
    -3.6736348147332488e-02</data></Distortion_Coefficients>
<Avg_Reprojection_Error>6.7397879682817441e-01</Avg_Reprojection_Error>
<Per_View_Reprojection_Errors type_id="opencv-matrix">
  <rows>47</rows>
  <cols>1</cols>
  <dt>f</dt>
  <data>
    5.69063365e-01 4.93203938e-01 6.58837199e-01 6.19384766e-01
    6.19897544e-01 9.82317746e-01 6.39168441e-01 5.18066108e-01
    1.06230032e+00 7.05586255e-01 9.07057881e-01 4.89269167e-01
    9.02366340e-01 6.20072544e-01 5.18000841e-01 3.91614109e-01
    4.05045569e-01 7.46971667e-01 7.71897852e-01 7.99608827e-01
    8.37158859e-01 6.70399785e-01 5.95065475e-01 4.77425098e-01
    6.00361049e-01 5.07709861e-01 7.18572855e-01 6.44742310e-01
    4.44533288e-01 3.49949479e-01 5.07763982e-01 4.89443094e-01
    8.30206096e-01 8.30206096e-01 7.28056788e-01 3.92674416e-01
    6.65058672e-01 6.58278465e-01 1.10206687e+00 7.66946077e-01
    5.45348823e-01 8.29899371e-01 6.74432814e-01 6.68037176e-01
    5.03701627e-01 4.88004297e-01 6.72513425e-01</data></Per_View_Reprojection_Errors>
<!-- a set of 6-tuples (rotation vector + translation vector) for each view -->
<Extrinsic_Parameters type_id="opencv-matrix">
  <rows>47</rows>
  <cols>6</cols>
  <dt>d</dt>
  <data>
    -8.1928860284946337e-02 3.1126407395185976e-02
    1.0608927555629611e-03 -5.0541977152885110e+01
    -3.1850831214777322e+01 3.1625230426004777e+02
    4.5892922449713031e-01 6.5558822741966716e-01 1.3519056694511418e+00
    9.6364357398647556e+01 -3.6556490911430714e+01
    3.1465952146333512e+02 3.0520499503399567e-01 5.8719472965414787e-01
    1.4749236671389547e+00 1.8992920175234366e+02
    -6.2167594795790890e+01 2.5244723618585149e+02
    -1.7563499334495589e-01 1.5862480757549080e-01
    2.9560603801972420e-02 6.7641931622285227e+01 8.9595235572055234e+00
    3.1272968308434071e+02 -1.6557768071165915e-01
    -3.8084732043733355e-01 -3.0856380434218858e-02
    -1.0350210644008011e+02 -8.9783103873504885e+01
    1.9120715823593756e+02 -3.0132587420754936e-01
    -2.0077893848470407e-01 -1.4374458687131355e+00
    -1.0721748313524560e+02 2.9665908632199837e+01
    1.5024047955009769e+02 -1.7344965764466641e-01
    -4.3596638251829339e-01 1.3292468145486177e-02
    -1.8570385956169790e+02 -2.3982281019756247e+01
    2.2631171956386663e+02 7.5667843657907102e-02 3.5915693906319612e-01
    1.4962854917712756e+00 1.7562821747773750e+01
    -3.8876261213442696e+01 2.6813062963067352e+02
    -1.6002973306449639e-01 -2.0320999408229040e-01
    1.4878358381861505e-02 -1.4086935925909151e+01
    -6.0917537947191640e+01 1.4043065112347034e+02
    -1.6075690518321067e-01 -5.3801756928809941e-01
    -3.2110864044637345e-02 -1.3046175716374415e+02
    -7.7587650787312398e+01 1.5239750312133580e+02
    -1.8807630268174805e-01 1.6611415415147426e-01
    5.7459565392362320e-02 -9.2991012789543177e+01
    -1.0042614959734475e+02 1.9383807898150295e+02
    5.5073301046074691e-02 2.7272560899889681e-01 1.4868594293822910e+00
    1.7819847005294267e+02 -5.7009304212244579e+01
    2.7051963424876328e+02 -2.3788439931011393e-01
    -5.7583838963988956e-02 9.3657951805534823e-02
    -6.5292174269351378e+01 -5.2475208905468847e+01
    1.7411935445180930e+02 -1.2959159320681110e-01
    6.5008301085940712e-01 -4.6499125998339393e-02
    6.7457884247150105e+01 3.8013702260675424e+00 3.4179805234756822e+02
    -7.9253845155555905e-02 1.9509253999338710e-01
    1.5512714790772808e+00 7.2631218764071164e+01 3.6784455992308523e+01
    3.8769165373167164e+02 -7.8463222092881243e-02
    1.5623175207023273e-03 -1.5508531859558838e-02
    -1.0914252740466253e+02 5.4719973196741627e+01
    4.6405068047284328e+02 -1.3177069746852285e-01
    -8.6124715976903091e-02 -6.1646660530906908e-02
    -3.0899331050330805e+01 -5.9378291416525343e+01
    3.6412763827237785e+02 2.7841194632577039e-02 1.9995391601363502e-01
    1.4168765326181417e-02 -1.3045840667703169e+02
    8.4777713262460992e+01 7.2470274731720087e+02 4.0141903279517582e-01
    6.1286047555286849e-01 1.4472774462050404e+00 6.5981786263681258e+01
    3.7551980604325355e+00 4.0379060373741481e+02
    -9.9348333423932206e-02 1.5074048649756386e-01
    1.4751136157160741e-02 -9.5472557079809647e+01
    -3.5276997946730368e+01 2.1605865110923423e+02
    -3.0971132064859069e-01 7.3347916890927969e-02
    1.1825718431825796e-01 -1.0106468405490996e+02
    -9.5256501235942224e+01 2.1155375940355762e+02
    -2.5935010963899929e-01 8.3003860976959026e-02
    5.9267545300534227e-02 -1.0893939216559140e+02
    -7.3241001432574208e+01 2.5775933737401380e+02
    2.1555704910986306e-01 5.4561835032872419e-01 1.5757474775694891e+00
    1.0732491179720667e+02 -5.7452168749266704e+01
    2.7562540121396063e+02 -1.9497758779293245e-01
    2.0602163224757628e-01 7.3097787278768506e-02 3.6952217679767578e+01
    -8.8986607043212317e+01 2.4256618061804758e+02
    -1.4276743343759632e-01 -4.4457732000545047e-01
    -5.7402495013002243e-02 -2.8360921683078637e+01
    -7.8069990528079671e+01 2.0289705963759462e+02
    -6.0387867368402647e-02 1.8069088039975301e-01
    1.5091035705993188e+00 2.5912023163412266e+00
    -2.7061758009613516e+01 2.9125251781816263e+02
    -1.8112320691468428e-01 -2.5443864757324403e-01
    7.5215541340765022e-03 -4.9192829553466638e+01
    -6.6642001136957035e+01 2.0325769184452946e+02
    1.0433436775951126e-01 3.7369946780236951e-01 1.4927506932571830e+00
    6.1395839936602805e+01 -6.7918356876907026e+01
    2.4101925337009990e+02 -2.5154251550586626e-01
    8.9700262731419213e-03 1.4495539106196895e-01
    -1.9052639995479393e+02 -2.5088772139242263e+01
    3.5704210419845839e+02 -2.8115242898265141e-02
    1.9367148092421441e-01 -3.2736726167454627e-02
    -5.7691707874317707e+01 4.2976300619831171e+00
    4.8545028470368646e+02 -9.2870602620699461e-02
    -2.9445388759512020e-01 6.0668237286786122e-02
    -1.5974082979026090e+02 -1.8166124036837047e+01
    2.9623499464619420e+02 -9.3463320234582120e-02
    -3.2602382272293756e-01 2.5729639241771754e-02
    -1.5516279190558416e+02 -2.1927727629953782e+01
    2.8740287508818665e+02 -2.1286946418560274e-01
    -3.7378834939968755e-02 1.7974711817713509e-02
    -4.1770304383365428e+01 -8.1225703225659558e+01
    1.7385264111592099e+02 -2.1286946418560265e-01
    -3.7378834939968748e-02 1.7974711817713505e-02
    -4.1770304383365428e+01 -8.1225703225659558e+01
    1.7385264111592099e+02 -2.3376250881298724e-01
    -6.0529934019732001e-02 7.1174726866166674e-02
    -1.4320418603053167e+01 -5.2238313092945440e+01
    2.2723202174980312e+02 -1.0772444337411149e-01
    -1.8131702226983470e-01 -1.5618063794417731e+00
    -2.4367843609815150e+01 -2.7330248445031391e+01
    2.6558588953758829e+02 -1.1836719995930410e-01
    -1.4234892468857485e-01 -2.6431033699757644e-03
    -1.4182066846919781e+02 -1.1855842486939891e+02
    2.2003342028576967e+02 -1.7052094231693649e-01
    -2.2580172731132106e-01 -1.1274533252829416e-01
    2.8629543561942953e+01 -1.0545348115169186e+02
    1.8253444139676071e+02 -4.6519051745974434e-02
    3.1280421766049193e-01 1.5494687913121512e+00 1.0101301052855190e+02
    -9.2760949692399862e+01 1.3915511286660632e+02
