<?xml version="1.0"?>
<opencv_storage>
<calibration_Time>"Thu Jun  5 20:02:18 2014"</calibration_Time>
<nrOfFrames>43</nrOfFrames>
<image_Width>640</image_Width>
<image_Height>480</image_Height>
<board_Width>6</board_Width>
<board_Height>6</board_Height>
<square_Size>2.6200000762939453e+01</square_Size>
<FixAspectRatio>1.</FixAspectRatio>
<!-- flags:  +fix_aspectRatio +fix_principal_point +zero_tangent_dist -->
<flagValue>14</flagValue>
<Camera_Matrix type_id="opencv-matrix">
  <rows>3</rows>
  <cols>3</cols>
  <dt>d</dt>
  <data>
    3.3188101555798846e+02 0. 3.1950000000000000e+02 0.
    3.3188101555798846e+02 2.3950000000000000e+02 0. 0. 1.</data></Camera_Matrix>
<Distortion_Coefficients type_id="opencv-matrix">
  <rows>5</rows>
  <cols>1</cols>
  <dt>d</dt>
  <data>
    -2.5543516160855445e-01 5.8299523979282036e-02 0. 0.
    -5.5387699065496537e-03</data></Distortion_Coefficients>
<Avg_Reprojection_Error>1.0713743863673513e+00</Avg_Reprojection_Error>
<Per_View_Reprojection_Errors type_id="opencv-matrix">
  <rows>43</rows>
  <cols>1</cols>
  <dt>f</dt>
  <data>
    1.07458925e+00 1.12016344e+00 6.98004007e-01 7.42206037e-01
    9.60958123e-01 5.12886524e-01 9.75324392e-01 5.21288216e-01
    1.97698736e+00 9.25877094e-01 1.19849086e+00 4.78487998e-01
    7.00997174e-01 8.34054291e-01 4.44859833e-01 9.06504631e-01
    8.30822527e-01 9.49607551e-01 7.85100102e-01 5.76828539e-01
    5.33698678e-01 8.64298701e-01 9.99122798e-01 1.13422811e+00
    5.97203255e-01 4.96193081e-01 1.22749949e+00 1.20172465e+00
    5.12856305e-01 1.42216647e+00 1.13816571e+00 9.20919895e-01
    1.67380559e+00 1.47651589e+00 1.01606131e+00 8.89553726e-01
    7.46872127e-01 1.31117654e+00 1.21476960e+00 8.46174657e-01
    9.65319097e-01 6.40685260e-01 2.89921737e+00</data></Per_View_Reprojection_Errors>
<!-- a set of 6-tuples (rotation vector + translation vector) for each view -->
<Extrinsic_Parameters type_id="opencv-matrix">
  <rows>43</rows>
  <cols>6</cols>
  <dt>d</dt>
  <data>
    -2.3509010503070607e-01 -3.4503236626476491e-01
    -2.3190766893650298e-02 -1.9941923364564440e+02
    -1.1291782880424667e+02 1.7867368749723505e+02
    -9.0123352612620156e-01 -7.9452072271965473e-03
    3.2099647821803146e-01 1.4304993799118441e+02 5.7742837194312649e+01
    2.5413386073820382e+02 -4.6944266426844256e-01
    9.4248922628486398e-01 1.2664393251430024e+00 1.5444520354047074e+02
    1.9297937298642754e+01 2.5613181252917957e+02
    -1.6240692049923414e-01 7.7347645253892983e-02
    6.1999579019885245e-03 8.9905495350021858e-01
    -9.9422639321300437e+01 1.6284914558368044e+02
    2.2022682493164008e-02 -3.1392712805476092e-01
    -4.7073624265709720e-02 -4.3136525326633830e+01
    -1.1831110607853567e+02 1.6079642081917308e+02
    2.2755618060068103e-01 9.8574887805525901e-01 1.4729272420266550e+00
    9.6328465780736607e+01 -7.6661681548438921e+01
    2.6472189609525253e+02 -3.0868132543650756e-01
    -3.1042278188831007e-01 1.4035928613026059e+00
    -1.2573767503747366e+02 -2.0992287429104709e+02
    2.4695458145684154e+02 -6.5874194055121571e-01
    3.5006719153993830e-02 -7.6710887977611927e-02
    -5.6767204338976796e+01 -4.3341817992893709e+01
    2.6961813448524197e+02 -3.8376677723314512e-01
    -8.5982167265269874e-02 -3.9612379138876525e-02
    -5.8986078476273320e+01 -7.7467261376036177e+01
    1.0980955348254480e+02 1.6300074128801001e-01
    -3.3647308047328912e-03 -2.7541616455812234e-01
    7.7636939413880626e+01 -1.7437575946939117e+02
    2.6415094928402777e+02 -7.3546575742660258e-01
    6.6863466070687172e-01 1.2686870882344876e+00
    -8.4453336823845802e+01 2.7603246215015499e+01
    2.3444822181231638e+02 -3.2384621441481765e-01
    -1.8396232150965583e-01 5.2336825350282758e-02
    -3.0084888208303990e+01 -4.3307011068917610e+01
    2.2894258158708658e+02 -9.4748546534784372e-01
    -7.9361457851711587e-02 2.9868462534959367e-01
    1.0179072471001767e+02 4.2569814398219577e+01 2.6009382514606574e+02
    4.3445675243094484e-01 6.6282572498191195e-02 4.3980907953408199e-02
    -2.0323718245344427e+01 -1.4828349159760410e+02
    2.3638702707512977e+02 -9.9292158563571009e-01
    1.7974741273270489e-01 9.7843097389180733e-02 1.0348969765456918e+01
    6.5370397262376457e+01 3.0202764242695457e+02 4.0390616929663191e-02
    -8.5651923588303966e-02 -2.2223363692397458e-01
    8.7560798825025387e+01 -9.1464049487831531e+01
    2.1203158195101688e+02 -3.6919938457146911e-01
    -7.5488015183698087e-01 -3.2501907380843115e-01
    -2.3459799331276224e+02 -1.4750407769649797e+02
    1.8002602507916021e+02 -3.2723407894978007e-01
    -7.8288914469205351e-01 -3.2164670388734368e-01
    -2.4019918917707292e+02 -1.5169945575750651e+02
    1.7113101307868138e+02 -4.6288154460308434e-01
    2.3447337381609415e-01 1.3411645321857030e-01 9.6373910197515414e+01
    -1.8595825849865118e+01 2.3257217073849245e+02
    -9.0517667806081475e-02 6.1526572965355719e-01
    1.5149841905210177e+00 2.9406902840621541e+02 2.3997216764994398e+01
    2.7516844678191870e+02 4.3270335355808914e-01
    -8.8229093025761471e-02 1.3874099284675792e+00
    -1.0073865277625291e+01 -9.9336937094464744e+01
    2.2342621549548633e+02 3.6907927664035800e-01 1.7380874249718720e-01
    -3.9081930463670124e-02 -8.8382995208290005e-01
    -1.1264387654204937e+02 2.2843438823287826e+02
    -4.4503193793270675e-02 -2.2307960293753114e-02
    1.1336416871956985e-01 9.8174640853514305e+01
    -4.4277966208706680e+01 2.1450093083166090e+02
    1.9742578053261430e-02 1.2320472550663922e-01 5.4540459393472511e-02
    1.1170100735663726e+02 -1.1037001685468992e+02
    2.5241756366017401e+02 -1.2542588170965405e-01
    2.8656534352740737e-01 1.4011313911993467e-01 9.5763087465651779e+01
    -1.2379292226881013e+02 2.2132317827474472e+02
    -9.1851684760449426e-01 -8.6327690009460473e-02
    2.0611102071737400e-02 -4.8785088488007268e+01
    -6.4290507703400772e+00 3.5077365237495974e+02
    4.9124119693412099e-01 -1.1479812454166798e-01
    -1.0965097294249198e-02 -5.2086531720996632e+01
    -3.3743108237184074e+01 1.0629596116021632e+02
    3.6428517282080758e-01 -1.1427632623125558e-01
    -3.6452668494360373e-02 -5.7365345661654764e+01
    -4.5130782920588487e+01 1.1195526927919090e+02
    -6.7910280406677681e-01 9.8828633889833026e-03
    -6.1997693065921769e-03 -5.1173970355630559e+01
    -1.9462460650939772e+00 2.4638961490295574e+02
    -2.3458323690013758e-01 -4.1011498842361543e-01
    8.3956213848199887e-02 -1.1846902991112735e+02
    -9.2130360513295656e+01 1.5060339453440525e+02
    -1.0397021715017263e-01 1.9776821191255331e-01
    1.4478495373298479e+00 -1.1107838251972133e+01
    -9.7846806000601674e+01 1.4841617859878838e+02
    -7.5242773516104478e-01 6.2191707168541466e-01
    1.2838637208785069e+00 -1.0553079960502993e+02
    2.8441013823311941e+01 2.5890091251352453e+02
    -7.2413461234575294e-01 7.3225611119138878e-01
    1.2127013868356908e+00 -9.1783640611922678e+01
    3.9187749036014424e+01 2.3034313636201611e+02
    -7.5757437070358180e-01 6.9112822571289279e-01
    1.0492193941974128e+00 -1.1169662989960422e+02
    3.4968618530364978e+01 2.4121121650573588e+02
    -7.9604261321803393e-01 5.4991320118487985e-01
    1.1019263477494874e+00 -1.2736424054628165e+02
    1.6878796697975186e+01 2.6221539628019320e+02 8.3201944308755840e-02
    -6.3033868574267599e-02 -5.8404793106976256e-03
    -6.4365361435701530e+01 -9.5563049270415306e+01
    1.5935979230214286e+02 -2.6234387794604519e-01
    -1.4194769953609968e-01 6.8729176534297748e-03
    -2.1663717490856882e+02 -6.6363924590098577e+01
    2.2133765754128206e+02 2.7428598718091346e-01 3.1528038875856307e-01
    5.5564305596350928e-02 7.2268647722997983e+01
    -1.4654051352201452e+02 1.7601248563034599e+02
    -7.7674161919600737e-01 -2.9994198899733204e-01
    4.1425964553916207e-02 -4.7251949558791139e+01
    -5.8760665950083492e+01 2.8621823364016035e+02
    -6.8181484542415804e-01 -3.5795761180261515e-01
