<?xml version="1.0"?>
<opencv_storage>
<calibration_Time>"Thu Jun  5 21:07:45 2014"</calibration_Time>
<nrOfFrames>35</nrOfFrames>
<image_Width>720</image_Width>
<image_Height>540</image_Height>
<board_Width>6</board_Width>
<board_Height>6</board_Height>
<square_Size>2.6200000762939453e+01</square_Size>
<FixAspectRatio>1.</FixAspectRatio>
<!-- flags:  +fix_aspectRatio +fix_principal_point +zero_tangent_dist -->
<flagValue>14</flagValue>
<Camera_Matrix type_id="opencv-matrix">
  <rows>3</rows>
  <cols>3</cols>
  <dt>d</dt>
  <data>
    4.6297549469419477e+02 0. 3.5950000000000000e+02 0.
    4.6297549469419477e+02 2.6950000000000000e+02 0. 0. 1.</data></Camera_Matrix>
<Distortion_Coefficients type_id="opencv-matrix">
  <rows>5</rows>
  <cols>1</cols>
  <dt>d</dt>
  <data>
    -3.2454965815084780e-01 1.4388409040349948e-01 0. 0.
    -3.8761862160834236e-02</data></Distortion_Coefficients>
<Avg_Reprojection_Error>6.4745779069495357e-01</Avg_Reprojection_Error>
<Per_View_Reprojection_Errors type_id="opencv-matrix">
  <rows>35</rows>
  <cols>1</cols>
  <dt>f</dt>
  <data>
    7.88289964e-01 3.60132426e-01 4.84013379e-01 6.88035548e-01
    8.70855868e-01 1.08022928e+00 6.20354712e-01 5.58796406e-01
    6.12740517e-01 6.64091229e-01 5.79540670e-01 5.07760525e-01
    4.78310347e-01 4.82031614e-01 5.21445036e-01 7.83031583e-01
    5.79473317e-01 5.37616670e-01 5.98671257e-01 6.62497997e-01
    5.68282485e-01 3.35424751e-01 5.98598123e-01 7.86342263e-01
    6.01597786e-01 5.74612021e-01 8.12828243e-01 8.16766620e-01
    4.13349360e-01 6.40994430e-01 8.17264199e-01 7.13327527e-01
    3.76273394e-01 8.15919876e-01 6.43934786e-01</data></Per_View_Reprojection_Errors>
<!-- a set of 6-tuples (rotation vector + translation vector) for each view -->
<Extrinsic_Parameters type_id="opencv-matrix">
  <rows>35</rows>
  <cols>6</cols>
  <dt>d</dt>
  <data>
    1.4363626969696272e-01 -2.1263097596005748e-01
    -3.1160741238954015e-02 -1.8613978572750784e+02
    -1.9960554221244695e+02 4.8006742112014712e+02
    1.8631233980415790e-01 -9.0889791184824223e-02
    3.3938039198613712e-02 -5.1087547405812195e+01
    -1.5912836605622209e+02 4.0357964230016449e+02
    1.4614120257808383e-01 7.0094666921892437e-02 1.3288205872584011e-01
    -3.6830612171150257e+01 -1.1351392965425697e+02
    2.8739237016719954e+02 1.0615044779105541e-01 1.0389405281285428e-01
    6.8118126945490007e-02 -9.3476483461230600e+01
    -6.9624885525754138e+01 2.5390118251815559e+02
    4.0738194375272617e-02 9.7448950320090738e-02 2.0820427402221287e-01
    -7.6991914035346412e+01 -9.7825882922116790e+01
    1.9457822599508702e+02 1.8977090569382276e-02 3.4219706968697133e-01
    2.5399991440402764e-01 -9.0526664228244442e+01
    -9.3130501794259345e+01 2.0608091898728230e+02
    7.4293592155033186e-02 2.4759540899250643e-01 2.0561969603243904e-01
    -1.1115732089422781e+02 -9.2835858790480117e+01
    2.5850709753399991e+02 8.7975465657151419e-02 9.2309083867910119e-03
    1.8304284218457739e-01 -8.2370870314950253e+01
    -9.7968437977303225e+01 2.4702410457802171e+02
    5.6771322993921881e-02 -6.3361748937524753e-01
    3.2394070316840995e-02 -6.8890259738146867e+01
    -6.5547671995649367e+01 1.7235327918490424e+02
    2.6241999078773042e-02 -6.2656199754735575e-01
    5.8445793594990206e-02 -8.3262092614834216e+01
    -7.4162298441493220e+01 1.3928142135466433e+02
    1.2114765988328795e-02 -3.8523732437609248e-01
    1.9508281404384387e-01 -6.3477428829281656e+01
    -1.1745698096415661e+02 1.8728342745367291e+02
    6.9710714457285855e-02 4.6389363125781358e-01 1.0320736995031650e-01
    1.6586653808784677e+00 -1.1921279248628002e+02
    2.7068480043931913e+02 -1.9992389569780311e-01
    3.5998601593895313e-01 -1.3827978951922308e+00
    -3.0261062401761375e+01 -7.1150274653876465e+01
    3.6512310274180652e+02 -3.3688597844120011e-01
    4.7560265260825751e-01 -1.3926908896791923e+00
    4.8722383681946212e+01 -9.1871983047536688e+01
    3.8798825520671249e+02 1.2932799753963067e-01 7.8725111911748735e-01
    1.6058207771433669e-01 1.2910847639411946e+02
    -1.9099215012590312e+02 3.5673021292790878e+02
    3.6266374312764207e-02 -4.5412882861541165e-01
    5.8250116709246416e-02 -1.7864425051026197e+02
    -1.5150716318246390e+02 2.0104702984140073e+02
    4.2044513010295000e-02 -4.4370622428811957e-01
    -4.6888434168104289e-03 -1.6195525516469681e+02
    -1.2667642361973252e+02 2.3457277260942482e+02
    4.1672534555893641e-02 -2.6250272675023911e-01
    9.3027665253769987e-02 -2.2473052613247620e+02
    -1.5513412505227765e+02 2.5535717415286894e+02
    4.9454956056036670e-02 -2.7428679381244292e-01
    6.4298501346096479e-02 -1.9757161541871346e+02
    -1.7217930266344774e+02 2.6580432834064413e+02
    2.4023229298886395e-02 -1.0681720811744065e-01
    1.5297153860239567e+00 -3.4842503253421540e+01
    -1.4916824318407629e+02 3.0647732522819041e+02
    9.6727993525550338e-02 -1.9824342290625294e-01
    2.3619167106451355e-02 -1.4679081919219939e+02
    -8.2244983687977722e+01 3.4233569160016674e+02
    8.9466940473666198e-02 -1.1778874622168729e-01
    3.2922408765004421e-02 -2.9373867158325005e+01
    -5.4465667528178813e+01 3.8454961903686393e+02
    6.0415637403064014e-02 1.9426083320698312e-01 1.6658877084730978e-02
    -6.2490043283240247e+01 -9.9962896523243856e+01
    2.7491760942107692e+02 1.2835746310540622e-01 8.7980793681943847e-01
    -7.5177989628283426e-02 1.3564443062096811e+02
    -4.9272122808637064e+01 3.5558096883124853e+02
    3.7025875238638567e-02 -2.7058546914326936e-02
    -3.4077293313569527e-03 8.7219952077873842e+01
    -5.5362973018673046e+01 2.4817326226279459e+02
    1.0098767728961536e-01 1.7581298291707659e-01 3.0685310475854204e-02
    -5.7178757962627117e+01 -4.3214080724963672e+01
    2.7404805418168331e+02 2.2250594266572540e-02
    -5.2284949383284685e-01 -2.1858864684708681e-02
    -8.9509775316292291e+01 -4.5632914595046927e+01
    1.1846887829790555e+02 -2.1696867158348235e-01
    -3.0775043997826013e-01 1.5061426975206809e+00
    -5.2360738537004273e+01 -5.6753755525139852e+01
    2.3564581481378681e+02 8.5077930302071211e-02
    -7.4967507393477484e-01 -7.1712926773200404e-03
    -1.4582039239517195e+02 -6.6358392118742771e+01
    1.8488823440392301e+02 -1.4220196117692810e-02
    -3.2294785375025737e-03 6.0228507018011773e-02
    -6.8562297742923803e+01 -8.7321342961696629e+01
    2.7652906955609018e+02 5.2513080144095899e-02
    -4.0609875798239208e-02 -2.4401994269344020e-03
    -6.3914945496218714e+01 -6.2121326861437304e+01
    1.5188349727694356e+02 -1.3117406798904057e-03
    -8.9637797600665911e-02 1.2311525728412386e-01
    4.3576313523816612e+00 -7.1526573930073013e+01
    1.7851553206387572e+02 -5.0269136453649554e-01
    3.0162292557904813e-01 1.4547302076285236e+00 5.4317746440841326e+01
    -4.3327948409867441e+00 5.0638901134015896e+02
    3.7158409964486228e-01 -3.0922390754886492e-01
    -1.5553846076090498e+00 -1.0215157310410454e+02
    8.3984190263681512e+01 1.3527243203481402e+02 9.3789889833032491e-02
    -2.4044644657719516e-01 3.5376707731178493e-02
    -1.2279779669821640e+02 -4.1332715393135388e+01
    2.1816404836158404e+02</data></Extrinsic_Parameters>
