<?xml version="1.0"?>
<opencv_storage>
<calibration_Time>"Thu Jun  5 20:09:08 2014"</calibration_Time>
<nrOfFrames>39</nrOfFrames>
<image_Width>496</image_Width>
<image_Height>480</image_Height>
<board_Width>6</board_Width>
<board_Height>6</board_Height>
<square_Size>2.6200000762939453e+01</square_Size>
<FixAspectRatio>1.</FixAspectRatio>
<!-- flags:  +fix_aspectRatio +fix_principal_point +zero_tangent_dist -->
<flagValue>14</flagValue>
<Camera_Matrix type_id="opencv-matrix">
  <rows>3</rows>
  <cols>3</cols>
  <dt>d</dt>
  <data>
    4.9135031207967268e+02 0. 2.4750000000000000e+02 0.
    4.9135031207967268e+02 2.3950000000000000e+02 0. 0. 1.</data></Camera_Matrix>
<Distortion_Coefficients type_id="opencv-matrix">
  <rows>5</rows>
  <cols>1</cols>
  <dt>d</dt>
  <data>
    -2.3284107060878645e-01 -3.1175064456278134e-01 0. 0.
    6.8429167276282410e-01</data></Distortion_Coefficients>
<Avg_Reprojection_Error>3.8678386409376433e+00</Avg_Reprojection_Error>
<Per_View_Reprojection_Errors type_id="opencv-matrix">
  <rows>39</rows>
  <cols>1</cols>
  <dt>f</dt>
  <data>
    2.11400318e+00 4.97620010e+00 7.05647373e+00 3.83673954e+00
    1.68810475e+00 3.19898534e+00 2.73427367e+00 2.62139010e+00
    4.01041603e+00 2.94187641e+00 1.03171215e+01 2.96038532e+00
    3.77411699e+00 7.06284332e+00 6.23602295e+00 2.07106352e+00
    3.32646489e+00 1.51125658e+00 1.52447009e+00 3.94835377e+00
    1.67432833e+00 1.55367148e+00 2.97774982e+00 8.84988022e+00
    2.73415565e+00 2.24261427e+00 2.58152223e+00 2.43187642e+00
    2.03370261e+00 1.71344638e+00 1.44384336e+00 3.14568782e+00
    1.69601417e+00 1.71344566e+00 1.37981880e+00 1.27311385e+00
    5.67635870e+00 2.06912875e+00 1.17382681e+00</data></Per_View_Reprojection_Errors>
<!-- a set of 6-tuples (rotation vector + translation vector) for each view -->
<Extrinsic_Parameters type_id="opencv-matrix">
  <rows>39</rows>
  <cols>6</cols>
  <dt>d</dt>
  <data>
    1.0270408428271063e-01 -6.0242775756445255e-01
    -1.0187203965272443e-01 5.5329993017888635e+00
    -1.4915207392576085e+02 3.6884092331380492e+02
    -2.0780169468528104e-01 6.5701585877185142e-01
    3.0840845139496215e-02 -5.6601201285307184e+01
    3.3755588031678798e+01 4.0466962667115251e+02
    -5.6178506749680135e-01 -3.0987417311579829e-01
    1.2712142822861350e+00 2.1678656840991803e+01
    -2.2157801196007547e+01 3.8112396715145064e+02
    -2.6753558346205192e-01 1.3542591362322187e-01
    1.2604499076716441e-01 -1.1791952311582462e+02
    -7.2514691869766438e+01 4.9593886137618341e+02
    -7.3320757999815744e-01 -5.2420332753972843e-01
    3.3341831299365421e-01 -9.8072575785491395e+01
    8.1551596362679376e+01 5.8752653987132328e+02
    -3.6585567622810511e-02 -5.9244174424271678e-01
    -8.0719677728566461e-03 -3.8691376387253598e+01
    -8.1737941965969753e+01 4.1594724081529881e+02
    5.2916733506606375e-02 -4.6226436430028189e-01
    -5.5773600304207513e-02 -1.1178311829005587e+01
    -1.1426276864518816e+02 4.9471087978475163e+02
    4.2545459665476798e-01 8.0488049486296309e-01 1.0534311076671876e+00
    1.4034608544725538e+02 -1.2875245881911925e+02
    4.7352913185360580e+02 3.7263100541069419e-02 3.3526103424310078e-01
    3.6663140477680316e-02 -9.2329530356080426e+01
    -1.2831881184025531e+02 5.1431450629458982e+02
    -1.2406425660418961e-01 -7.1490052770713752e-01
    5.4923152016983268e-01 -8.3115492955523422e+01
    -2.1372480969473241e+02 4.2998091612482170e+02
    -2.3354095931753999e-01 -4.8785047168809070e-01
    3.6771938399854697e-03 -6.6500811306576509e+01
    -7.9952188445796438e+01 2.2880416610010712e+02
    -2.0013611612580326e-01 -1.5967176959851628e-02
    2.1109345331783264e-01 -8.0760956861366552e+01
    -1.9245060840989288e+02 5.1605491617804785e+02
    -6.7807960592476332e-02 -5.8857257312671041e-01
    1.3357883744387489e-01 -7.3581087621093516e+01
    -1.5238163478954814e+02 3.8562435703764413e+02
    -4.2920713193726340e-01 1.4051686198063576e-01
    1.4261847814141135e+00 1.2048293155891869e+02
    -2.6528358072136925e+01 3.6752701997253882e+02
    1.8657099279361329e-02 -6.8393721467745083e-01
    2.6546493773886671e-02 -5.9030241429211351e+01
    -8.8914625952190889e+01 2.7906314459740656e+02
    -6.3084233389565558e-01 -3.3844725513096213e-01
    2.3908297278110943e-01 -8.9682163398367777e+01
    1.0324837582615353e+02 6.1244728437371282e+02
    -8.4169256954088623e-01 -8.3638468573723579e-01
    6.7113682396806218e-01 -9.8730616360983532e+01
    -9.4885530753976795e+01 3.6154233987225894e+02
    -7.0676909509015740e-01 -3.2893840132474433e-01
    3.6850445130098171e-02 1.0264599369640320e+02 1.2248666701210827e+02
    5.8490838334843738e+02 -6.4075491208062374e-01
    1.3031568282835182e-01 1.3439334555539291e+00 2.4096176894983026e+02
    1.4608976702161425e+02 6.2995595573693788e+02
    -3.5934476243782709e-01 -5.2451292441206221e-01
    1.3396108446119079e+00 4.5483936695190145e+01
    -1.3112624586168783e+02 4.6187872735134550e+02
    -7.4767662056623818e-01 -9.5136794887954201e-01
    7.7833224524434508e-01 -1.1017661741595987e+02
    -5.9733918409934304e+01 4.0375373392728528e+02
    8.0282003566461615e-03 6.8367523242161277e-01 1.5313642263652967e+00
    -6.1776957588416089e+01 -1.2058888769346999e+02
    5.9501070566314252e+02 -1.1191791924791149e-01
    -4.9630273029058852e-01 3.2393836183566760e-01
    -1.4743169334828946e+02 -2.1461938434576231e+02
    4.8052487439187331e+02 -3.3274610440142965e-01
    -3.0579758136798046e-01 -1.7392446211995823e-02
    -2.5411299203049211e+01 -2.9397298130978292e+01
    2.8579825194544645e+02 1.5905311153511771e-02 4.0812943582788541e-01
    1.4122587018266661e+00 3.7478148804719545e+01
    -1.7223133040240438e+02 4.9894730438427484e+02
    -8.0460161673293715e-02 -2.8768627288238674e-01
    1.2262206596140466e-02 9.1096597911016815e+01
    -1.2483410180147354e+02 5.1152604500294132e+02
    1.1751563225384305e-02 1.9342483629783241e-01 1.1791299773265893e+00
    1.6378341836668628e+02 -2.4489694732600961e+02
    5.2599963794664347e+02 -4.5359925715784170e-02
    3.5483935909854758e-01 2.0283582556926047e-01
    -6.5244941966290483e+01 -2.0529287645275102e+02
    5.6462145321279536e+02 4.2169593598608585e-01 5.1010517339299533e-01
    3.4934719622291677e-01 -5.2980298253639084e+01
    -2.7571313262805620e+02 6.0876752583314328e+02
    -5.4619307256253646e-01 3.3278949660811780e-01
    1.3939742686325425e+00 2.8705211111539063e+02 1.3149668518745352e+02
    6.4469912851121774e+02 -6.8231126637693096e-01
    -5.8749655158392244e-01 1.4703860924493867e-01
    -1.2750444740428600e+01 1.0727803461689427e+02
    5.6981321019189977e+02 3.4227932215947682e-01 4.5265195768614508e-01
    1.1673323561956159e+00 1.3717489081360009e+02
    -2.0397674713042738e+02 4.8287967820919829e+02
    -7.2472495598997311e-01 -4.6641734798634488e-01
    1.3952305942172485e-01 -9.7636762112508308e+01
    5.1746655415846583e+01 5.9311979685088534e+02
    -6.3851486132554769e-01 -9.1691969351021596e-01
    1.9061517502427389e-01 -1.5091790663808476e+02
    6.6547775852405977e+01 4.4385928597399720e+02
    -6.4227016251482072e-01 -9.1847046433803337e-01
    2.1080727578401151e-01 -1.3988761393385084e+02
    6.2788154630610194e+01 4.5833235703834623e+02
    -6.5636558527970967e-01 -8.9625048922254835e-01
    1.8235924615459678e-01 -1.1994998807706355e+02
    7.6087360468485585e+01 4.6032562957925950e+02
    -8.8886762368026051e-01 -7.3770650765750467e-01
    5.7746326331476661e-01 -5.9451568623149150e+01
    -6.8210878208562818e+01 2.7726502774653000e+02
    -5.7126066403101095e-01 -6.3154162300629690e-01
    2.2526895141430331e-01 -1.4529675980664018e+02
    4.5531800226128723e+01 5.4113512948556422e+02 1.7567663911496542e-01
    7.0194183691255663e-01 1.9082923360540927e-01
    -5.0560696969779020e+00 -1.4529868275328297e+02
    7.5292383626513572e+02</data></Extrinsic_Parameters>
