<?xml version="1.0"?>
<opencv_storage>
<calibration_Time>"Thu Jun  5 19:58:07 2014"</calibration_Time>
<nrOfFrames>33</nrOfFrames>
<image_Width>640</image_Width>
<image_Height>480</image_Height>
<board_Width>6</board_Width>
<board_Height>6</board_Height>
<square_Size>2.6200000762939453e+01</square_Size>
<FixAspectRatio>1.</FixAspectRatio>
<!-- flags:  +fix_aspectRatio +fix_principal_point +zero_tangent_dist -->
<flagValue>14</flagValue>
<Camera_Matrix type_id="opencv-matrix">
  <rows>3</rows>
  <cols>3</cols>
  <dt>d</dt>
  <data>
    9.2143357441509477e+02 0. 3.1950000000000000e+02 0.
    9.2143357441509477e+02 2.3950000000000000e+02 0. 0. 1.</data></Camera_Matrix>
<Distortion_Coefficients type_id="opencv-matrix">
  <rows>5</rows>
  <cols>1</cols>
  <dt>d</dt>
  <data>
    2.2029701901553830e-01 -2.8945992780166430e+00 0. 0.
    8.3789810779986862e+00</data></Distortion_Coefficients>
<Avg_Reprojection_Error>9.0086016826615578e-01</Avg_Reprojection_Error>
<Per_View_Reprojection_Errors type_id="opencv-matrix">
  <rows>33</rows>
  <cols>1</cols>
  <dt>f</dt>
  <data>
    5.12076437e-01 6.76659703e-01 7.16676593e-01 5.86449981e-01
    1.51260400e+00 1.36476398e+00 6.32912040e-01 7.75511205e-01
    6.30205035e-01 3.69799018e-01 3.95569891e-01 3.85722965e-01
    8.37181270e-01 4.64721531e-01 7.74659395e-01 8.58785093e-01
    4.72335905e-01 4.65682119e-01 4.80161637e-01 6.55822098e-01
    5.72085440e-01 5.88503957e-01 6.48171127e-01 5.88020921e-01
    3.41433406e+00 4.44898725e-01 5.32165051e-01 6.03735447e-01
    4.86117244e-01 8.25733244e-01 7.71643519e-01 4.37959790e-01
    4.56605673e-01</data></Per_View_Reprojection_Errors>
<!-- a set of 6-tuples (rotation vector + translation vector) for each view -->
<Extrinsic_Parameters type_id="opencv-matrix">
  <rows>33</rows>
  <cols>6</cols>
  <dt>d</dt>
  <data>
    9.8298409050954591e-02 2.8725152246447061e-02 1.4523132858006860e+00
    -5.0775458817593552e+01 -1.3882043920188323e+02
    5.5917641102609207e+02 -3.4381930879437578e-01
    1.9930992698908773e-01 5.7802363769131671e-02
    -1.4431727970741093e+01 -8.5948317051260773e+01
    3.9656805062563507e+02 9.4153274009187007e-02 5.4058808575819117e-01
    1.4816769622778057e+00 1.9114765002449289e+02 2.8126118100822124e+00
    6.0271246945798180e+02 -9.8779197134615374e-02
    5.8225956199071185e-03 -1.5686824722020793e+00
    -1.6847444406992874e+01 5.7098056656217345e+01
    3.7128476495552019e+02 -3.0659906252261698e-01
    -1.8532704555595608e-01 3.1199996877687292e-02
    -7.8671513689146096e+01 -3.2077909066823963e+01
    4.3283884227684138e+02 -5.5275190085914117e-01
    -1.5753040021034873e-01 -4.4412904354547984e-02
    -9.8856457244332589e+01 -5.5227047242030082e+01
    4.3267258603557735e+02 -6.0459136242997660e-02
    5.7202188020621027e-02 3.4115809409030803e-03
    -3.2579775782524038e+01 -7.3415350785256805e+01
    3.2938694531615920e+02 -3.8543106702792435e-01
    -1.0977255869308122e-02 9.1215453027567464e-02
    -5.7028142008582137e+00 -9.8566193323730346e+01
    4.1488612773834984e+02 3.3093897263851363e-01
    -3.5684690990611900e-01 2.4933009036362572e-01
    3.8602673781186752e+01 -5.3874461113350272e+01
    7.4523362739742720e+02 -2.3429783188058947e-01
    6.3894797428328309e-01 1.3641140377784915e+00 4.7196470657738452e+01
    -4.2930453674168547e+01 5.8362760476276424e+02
    -2.7559176468217278e-01 8.7569649406721906e-02
    6.8136236718518858e-02 -5.9532144638163359e+01
    -6.6306973352440949e+01 6.3862704252072581e+02
    -8.6658320122294435e-02 3.0773049611364600e-01
    1.3228537891586798e+00 5.6580312401626848e+01
    -9.9480043810896760e+01 5.1500136909080902e+02
    2.1644366416396560e-01 6.1377188513668246e-01 1.2633427030405509e+00
    5.2885834605881435e+01 -8.6464288178752184e+01
    3.9431308578014750e+02 3.0115426674004425e-01 4.8109791648765132e-01
    1.3720653915718197e+00 1.0145155403237708e+02
    -5.8770139054740248e+01 8.5273090255050226e+02
    -6.5212241135409099e-01 1.0563366304071138e-01
    1.9838932029583464e-01 -3.5851366680663958e+01
    -6.8015060306878240e+01 5.0670015456584468e+02
    -5.9078406303135433e-01 2.7374082160465207e-01
    1.3001286563783201e+00 3.5165166232925422e+01
    -6.8181964497645168e+01 5.3918242034267746e+02
    -1.1142046277901850e-01 1.8492708060555327e-01
    3.6472424627843773e-02 -5.0493057471933938e+01
    -1.1337044856801415e+02 5.1509665974639472e+02
    -2.8439496330814548e-02 4.5430917083842831e-01
    1.5335242906774098e+00 1.1187215990214187e+02
    -1.4753942794795243e+01 5.0640839116112079e+02
    -4.4987461595370218e-02 2.6113153424395064e-01
    1.3979511348126918e+00 3.9487948740860858e+01
    -7.6549052071359270e+01 4.5661908592147410e+02
    -3.0765656233379546e-01 1.2408261754528191e-01
    1.2925517563760633e+00 6.9601367951592138e+01
    -7.3195001284323425e+01 5.0108229216890390e+02
    7.2328091475200237e-02 3.8353658818389741e-01 1.5007192728722067e+00
    9.4806904690849834e+01 -4.1916180159318358e+01
    4.0188622846665487e+02 -1.3477504735145734e-02
    3.0207059127066105e-01 1.5383947914084406e+00 4.9304520309528563e+01
    -3.9025536016410065e+01 4.0033655540835036e+02
    -5.8081765829455151e-02 2.3564218877777607e-01
    1.5451643811267370e+00 1.1755081500805252e+01
    -5.4230430112088499e+01 3.9650343579735039e+02
    -1.2556196805671879e-01 1.9843548719380039e-01
    6.1638043017539210e-02 -8.5072457151770081e+01
    -9.0671609422549139e+01 4.1674998516965087e+02
    1.9204389276264802e-01 4.6857784985833689e-01 1.5871018362816844e+00
    1.2622397667504438e+02 -7.3674197278340586e+01
    3.8432563869359700e+02 -5.9163517446058578e-02
    5.4639198245591514e-01 3.6579795352525502e-01
    -2.4091229078394086e+01 -1.1571744884970362e+02
    7.4659669998335960e+02 -1.9607679311673062e-01
    -5.2975438245995684e-03 1.2953466118612516e-02
    -1.9181727135181211e+02 -6.9602841931422944e+01
    6.6221455604866753e+02 -1.4970492693058637e-01
    5.3208041593001514e-02 1.5253675004726812e+00 8.4527995095284965e+01
    -8.7506775590201713e+01 3.8602436581045782e+02
    -1.0813314289057832e-01 3.1308298744452040e-01
    1.5629702783979037e-02 1.8490105286936352e+01
    -9.7625298870790473e+01 7.2401158942035931e+02
    -5.6567857659366406e-03 -7.9878995881716833e-02
    1.5432773494105398e+00 8.0288075238351890e+00
    -7.9500775808230102e+01 3.7066873719323081e+02
    -2.6461107880634644e-03 -6.9593813643736166e-02
    1.5525328733299002e+00 1.2423253623612700e+01
    -8.0332565713037681e+01 3.6990463878758072e+02
    -1.6254211475947097e-01 2.6405610943290880e-01
    1.5183280008359479e+00 -4.4333611862086705e+01
    -1.3778125737057223e+01 5.6659874643332728e+02
    -1.3454650796186568e-01 2.0746833330391815e-01
    3.7978559450351267e-03 -8.9263221445493954e+01
    -7.1317932313804903e+01 6.4172903810604498e+02</data></Extrinsic_Parameters>
