<?xml version="1.0"?>
<opencv_storage>
<calibration_Time>"Wed Mar 18 17:23:10 2015"</calibration_Time>
<nrOfFrames>7</nrOfFrames>
<image_Width>960</image_Width>
<image_Height>540</image_Height>
<board_Width>9</board_Width>
<board_Height>9</board_Height>
<square_Size>200.</square_Size>
<!-- flags:  +fix_principal_point -->
<flagValue>4</flagValue>
<Camera_Matrix type_id="opencv-matrix">
  <rows>3</rows>
  <cols>3</cols>
  <dt>d</dt>
  <data>
    1.0464542141974150e+03 0. 4.7950000000000000e+02 0.
    1.0462901729003297e+03 2.6950000000000000e+02 0. 0. 1.</data></Camera_Matrix>
<Distortion_Coefficients type_id="opencv-matrix">
  <rows>5</rows>
  <cols>1</cols>
  <dt>d</dt>
  <data>
    6.4644017029038929e-03 -4.0560368841656709e-02
    -4.1209571913353762e-04 4.6787150186390862e-05
    8.9727365337827575e-02</data></Distortion_Coefficients>
<Avg_Reprojection_Error>1.1385071201565347e-01</Avg_Reprojection_Error>
<Per_View_Reprojection_Errors type_id="opencv-matrix">
  <rows>7</rows>
  <cols>1</cols>
  <dt>f</dt>
  <data>
    1.07911386e-01 9.44051743e-02 9.81853828e-02 1.00441180e-01
    1.05920501e-01 1.35437176e-01 1.44518197e-01</data></Per_View_Reprojection_Errors>
<!-- a set of 6-tuples (rotation vector + translation vector) for each view -->
<Extrinsic_Parameters type_id="opencv-matrix">
  <rows>7</rows>
  <cols>6</cols>
  <dt>d</dt>
  <data>
    8.2525458161414984e-04 1.4958204670770565e-04 1.3981184271157943e-06
    -8.0000647598995056e+02 -8.0012289777359013e+02
    4.9333283429738840e+03 -1.3642401132823827e-03
    1.6824980624880468e-03 -1.1421697565571305e-04
    -2.6704969277691730e+03 -1.3902466233167966e+03
    6.4678957075497174e+03 -1.3795921706667440e-03
    -1.2577644152968446e-03 1.3141972622563217e-04
    1.0631885011340239e+03 -1.4224181316380732e+03
    6.4665221191940245e+03 -9.9467286622941312e-04
    1.0530195173155316e-03 -2.0132716532525756e-04
    -2.6388643369226770e+03 -1.9340275830815443e+02
    6.4669282288800969e+03 -9.4480878178068500e-04
    2.5637384057806782e-04 -1.1733974078110000e-04
    -2.6551963819065122e+03 -1.3745604314350301e+03
    6.4685967131482421e+03 3.3238125643341929e-04
    -1.6370092345087560e-04 4.6074931008961891e-06
    -7.9997872033381179e+02 -8.0025261747934780e+02
    3.9368549688210751e+03 3.4875712051447477e-01
    -6.5734909582450515e-05 6.4614635380003036e-06
    -8.1946785624698566e+02 -6.5678469057973655e+02
    3.6667000799462012e+03</data></Extrinsic_Parameters>
<Image_points type_id="opencv-matrix">
  <rows>7</rows>
  <cols>81</cols>
  <dt>"2f"</dt>
  <data>
    3.09748413e+02 9.96322174e+01 3.52295746e+02 9.96238785e+01
    3.94612762e+02 9.96281281e+01 4.37107635e+02 9.96173019e+01
    4.79513458e+02 9.96295853e+01 5.21866821e+02 9.96228943e+01
    5.64405090e+02 9.96244125e+01 6.06711365e+02 9.96218109e+01
    6.49262329e+02 9.96214676e+01 3.09760040e+02 1.42339233e+02
    3.52285126e+02 1.42345703e+02 3.94628204e+02 1.42343719e+02
    4.37085388e+02 1.42352585e+02 4.79527893e+02 1.42346054e+02
    5.21847107e+02 1.42352570e+02 5.64427185e+02 1.42347794e+02
    6.06680359e+02 1.42351379e+02 6.49286804e+02 1.42345078e+02
    3.09752045e+02 1.84523499e+02 3.52293610e+02 1.84521057e+02
    3.94621246e+02 1.84522461e+02 4.37078613e+02 1.84518188e+02
    4.79515717e+02 1.84530518e+02 5.21864807e+02 1.84505951e+02
    5.64407654e+02 1.84521881e+02 6.06702881e+02 1.84520096e+02
    6.49267456e+02 1.84517761e+02 3.09760803e+02 2.27161133e+02
    3.52289398e+02 2.27165894e+02 3.94631439e+02 2.27167282e+02
    4.37089020e+02 2.27167328e+02 4.79528534e+02 2.27159073e+02
    5.21856750e+02 2.27163803e+02 5.64419922e+02 2.27167297e+02
    6.06689819e+02 2.27167389e+02 6.49276733e+02 2.27163116e+02
    3.09745758e+02 2.69416016e+02 3.52294312e+02 2.69412048e+02
    3.94613922e+02 2.69413208e+02 4.37102448e+02 2.69406860e+02
    4.79517761e+02 2.69408936e+02 5.21864319e+02 2.69403961e+02
    5.64417847e+02 2.69410461e+02 6.06705322e+02 2.69402618e+02
    6.49274658e+02 2.69406006e+02 3.09752258e+02 3.11915405e+02
    3.52290100e+02 3.11917084e+02 3.94627502e+02 3.11912109e+02
    4.37062408e+02 3.11933258e+02 4.79525726e+02 3.11923065e+02
    5.21856689e+02 3.11917450e+02 5.64422302e+02 3.11920135e+02
    6.06692078e+02 3.11921051e+02 6.49285645e+02 3.11913696e+02
    3.09755035e+02 3.54261169e+02 3.52295135e+02 3.54250244e+02
    3.94616272e+02 3.54255219e+02 4.37087555e+02 3.54252411e+02
    4.79521179e+02 3.54254730e+02 5.21862976e+02 3.54253632e+02
    5.64408569e+02 3.54259033e+02 6.06705322e+02 3.54250580e+02
    6.49265381e+02 3.54250732e+02 3.09743805e+02 3.96735657e+02
    3.52283325e+02 3.96737457e+02 3.94617279e+02 3.96735504e+02
    4.37094330e+02 3.96735779e+02 4.79515503e+02 3.96741730e+02
    5.21863403e+02 3.96742554e+02 5.64410095e+02 3.96740387e+02
    6.06704163e+02 3.96749481e+02 6.49271729e+02 3.96738953e+02
    3.09752625e+02 4.39035858e+02 3.52298706e+02 4.39033447e+02
    3.94622284e+02 4.39035736e+02 4.37071014e+02 4.39022217e+02
    4.79526337e+02 4.39033264e+02 5.21860962e+02 4.39032043e+02
    5.64413635e+02 4.39037476e+02 6.06691589e+02 4.39029205e+02
    6.49275452e+02 4.39039673e+02 4.72352448e+01 4.43845177e+01
    7.95454102e+01 4.43827896e+01 1.11869141e+02 4.43876343e+01
    1.44366440e+02 4.43802719e+01 1.76621704e+02 4.43879318e+01
    2.09038635e+02 4.43753395e+01 2.41450363e+02 4.43923645e+01
    2.73714508e+02 4.43713646e+01 3.06206146e+02 4.43996964e+01
    4.72414436e+01 7.67735138e+01 7.95346451e+01 7.67752914e+01
    1.11877396e+02 7.67667389e+01 1.44354797e+02 7.67763214e+01
    1.76629883e+02 7.67571106e+01 2.09026016e+02 7.67782516e+01
    2.41461380e+02 7.67658691e+01 2.73696442e+02 7.67839355e+01
    3.06226929e+02 7.67616653e+01 4.72477531e+01 1.09083092e+02
    7.95442657e+01 1.09057373e+02 1.11874191e+02 1.09089134e+02
    1.44361008e+02 1.09075897e+02 1.76625687e+02 1.09088356e+02
    2.09023376e+02 1.09063858e+02 2.41449310e+02 1.09095474e+02
    2.73715210e+02 1.09066399e+02 3.06213074e+02 1.09098259e+02
    4.72490616e+01 1.41573303e+02 7.95316086e+01 1.41574249e+02
    1.11879608e+02 1.41562363e+02 1.44357254e+02 1.41571060e+02
    1.76633621e+02 1.41567017e+02 2.09020172e+02 1.41588669e+02
    2.41468781e+02 1.41571472e+02 2.73706024e+02 1.41579086e+02
    3.06229401e+02 1.41571793e+02 4.72460136e+01 1.73754501e+02
    7.95371170e+01 1.73754395e+02 1.11874367e+02 1.73763016e+02
    1.44356018e+02 1.73762192e+02 1.76627640e+02 1.73758652e+02
    2.09034958e+02 1.73753387e+02 2.41464264e+02 1.73750458e+02
    2.73708221e+02 1.73748138e+02 3.06215240e+02 1.73754745e+02
    4.72436333e+01 2.06399185e+02 7.95363159e+01 2.06403000e+02
    1.11881279e+02 2.06399521e+02 1.44346085e+02 2.06394241e+02
    1.76644272e+02 2.06393951e+02 2.09016190e+02 2.06412445e+02
    2.41469376e+02 2.06399704e+02 2.73706757e+02 2.06402786e+02
    3.06237122e+02 2.06396362e+02 4.72353325e+01 2.38562103e+02
    7.95511475e+01 2.38569916e+02 1.11869026e+02 2.38561661e+02
    1.44359482e+02 2.38570236e+02 1.76627441e+02 2.38563980e+02
    2.09030258e+02 2.38572159e+02 2.41439392e+02 2.38576874e+02
    2.73706818e+02 2.38549072e+02 3.06213593e+02 2.38555862e+02
    4.72524147e+01 2.71113098e+02 7.95380325e+01 2.71110016e+02
    1.11879539e+02 2.71105347e+02 1.44350143e+02 2.71111938e+02
    1.76633499e+02 2.71103638e+02 2.09017288e+02 2.71085693e+02
    2.41458923e+02 2.71109772e+02 2.73708008e+02 2.71111969e+02
    3.06225494e+02 2.71106903e+02 4.72385941e+01 3.03364288e+02
    7.95502243e+01 3.03360626e+02 1.11875099e+02 3.03376526e+02
    1.44358246e+02 3.03368683e+02 1.76624863e+02 3.03371429e+02
    2.09029114e+02 3.03363037e+02 2.41451096e+02 3.03364075e+02
    2.73719666e+02 3.03370361e+02 3.06206818e+02 3.03376434e+02
    6.51569763e+02 3.92023582e+01 6.84022705e+02 3.92281380e+01
    7.16418274e+02 3.92070694e+01 7.48701599e+02 3.92205467e+01
    7.81164429e+02 3.92029610e+01 8.13525330e+02 3.92265587e+01
