<?xml version="1.0"?>
<opencv_storage>
<calibration_Time>"Thu Jun  5 19:57:26 2014"</calibration_Time>
<nrOfFrames>17</nrOfFrames>
<image_Width>640</image_Width>
<image_Height>480</image_Height>
<board_Width>6</board_Width>
<board_Height>6</board_Height>
<square_Size>2.6200000762939453e+01</square_Size>
<FixAspectRatio>1.</FixAspectRatio>
<!-- flags:  +fix_aspectRatio +fix_principal_point +zero_tangent_dist -->
<flagValue>14</flagValue>
<Camera_Matrix type_id="opencv-matrix">
  <rows>3</rows>
  <cols>3</cols>
  <dt>d</dt>
  <data>
    8.4189732423188832e+02 0. 3.1950000000000000e+02 0.
    8.4189732423188832e+02 2.3950000000000000e+02 0. 0. 1.</data></Camera_Matrix>
<Distortion_Coefficients type_id="opencv-matrix">
  <rows>5</rows>
  <cols>1</cols>
  <dt>d</dt>
  <data>
    2.0611437822924977e-01 -1.8448148226018761e+00 0. 0.
    3.9535662110433214e+00</data></Distortion_Coefficients>
<Avg_Reprojection_Error>8.6582722773246046e-01</Avg_Reprojection_Error>
<Per_View_Reprojection_Errors type_id="opencv-matrix">
  <rows>17</rows>
  <cols>1</cols>
  <dt>f</dt>
  <data>
    1.06379211e+00 1.05382037e+00 8.43635380e-01 7.92392612e-01
    5.43078840e-01 5.69664717e-01 4.79644120e-01 5.19646883e-01
    8.83663893e-01 7.86727369e-01 1.01891446e+00 1.82362640e+00
    6.73449457e-01 6.58754230e-01 1.02944112e+00 5.21197915e-01
    2.45630845e-01</data></Per_View_Reprojection_Errors>
<!-- a set of 6-tuples (rotation vector + translation vector) for each view -->
<Extrinsic_Parameters type_id="opencv-matrix">
  <rows>17</rows>
  <cols>6</cols>
  <dt>d</dt>
  <data>
    1.8112459069479772e-01 -1.2642167005251320e-01
    2.3758019728084492e-01 -5.7285680191298979e+01
    -4.4801844177843108e+01 4.7500460621060256e+02
    -4.1098468195525739e-01 -1.5124281017175342e-01
    5.0103105020619439e-02 -8.3376819107586030e+01
    -1.9050164126340682e+01 5.0733328000597982e+02
    -5.0745879753962608e-01 1.5132764472521557e-01
    1.4031420527758638e+00 -4.0110508458396268e+01
    -4.1049023475770205e+01 5.2307252297815285e+02
    -3.0799158009305119e-02 -2.2122301842428718e-01
    4.1047350029635332e-01 2.6966936885216199e+01
    -1.1467820703095224e+02 4.8609783776021641e+02
    -1.4000974344431254e-02 -4.7304762453541477e-01
    3.8260741742735416e-01 -9.9296089477696171e+01
    -1.3768926071732844e+02 6.2492101804870413e+02
    -1.5778810676092561e-01 -4.3150458995931104e-02
    -2.4837397296426467e-02 9.4445775516936603e+00
    -5.6748612989000875e+01 4.8014669873134682e+02
    -1.1448802709972462e-01 -1.1045069067785158e-01
    3.1940743305361681e-02 1.0416286696091575e+01
    -1.2112460967277764e+02 4.7042048731035192e+02
    -2.3239879717283995e-01 -2.0374029515293923e-01
    -9.2056825931908184e-02 -1.4330175192692354e+02
    -1.0513768357569928e+02 4.2661513341758274e+02
    -2.2878391957163952e-01 -1.4631103210308594e-01
    7.7852598993641733e-02 -5.7453668521910799e+01
    -8.1979779339412715e+01 4.4484085782323302e+02
    -2.0002994882554073e-01 -7.9481603062296707e-02
    1.6749486141978706e-01 -6.4632957556622097e+00
    -7.4704440271728643e+01 4.4628564761679075e+02
    -1.1620688897056967e-01 -3.3777149486240959e-01
    1.4215559923604540e-01 4.3513035055767030e-01
    -5.3466787107255520e+01 3.7168184451799925e+02
    -2.3661014481619261e-01 -4.6380105028194407e-01
    4.5486837856263618e-01 -4.9865923229158128e+01
    -8.1108837174399468e+01 3.8342763293905574e+02
    -1.2586781992872864e-01 8.6397989372128725e-02
    1.8795850584120499e-01 -4.4932069890185090e+01
    -8.8062081255612824e+01 3.4929599523990311e+02
    -7.7355176279715510e-01 -1.4397419070737419e-01
    -8.9151642720694890e-01 -9.5607196577117691e+01
    2.5944050707618253e+01 4.2947055916395846e+02
    -5.5612073243863092e-01 -5.8547342952400334e-02
    2.0072538352429795e-02 -8.7525117602620369e+01
    -5.7228407547182776e+01 4.1200346898554443e+02
    -2.9468935902265919e-01 -1.5864866424436302e-01
    1.3875853624667096e+00 -6.7098031849467148e+01
    -1.2816703266771552e+02 6.7998086716572777e+02
    -1.2277432228400424e-01 9.2232473056157269e-02
    1.4410255545656407e+00 2.0142244543511350e+02
    -6.6678944903798822e+01 7.1615615806943799e+02</data></Extrinsic_Parameters>
