<?xml version="1.0"?>
<opencv_storage>
<calibration_Time>"Thu Jun  5 19:58:27 2014"</calibration_Time>
<nrOfFrames>14</nrOfFrames>
<image_Width>640</image_Width>
<image_Height>480</image_Height>
<board_Width>6</board_Width>
<board_Height>6</board_Height>
<square_Size>2.6200000762939453e+01</square_Size>
<FixAspectRatio>1.</FixAspectRatio>
<!-- flags:  +fix_aspectRatio +fix_principal_point +zero_tangent_dist -->
<flagValue>14</flagValue>
<Camera_Matrix type_id="opencv-matrix">
  <rows>3</rows>
  <cols>3</cols>
  <dt>d</dt>
  <data>
    1.2663533772367964e+03 0. 3.1950000000000000e+02 0.
    1.2663533772367964e+03 2.3950000000000000e+02 0. 0. 1.</data></Camera_Matrix>
<Distortion_Coefficients type_id="opencv-matrix">
  <rows>5</rows>
  <cols>1</cols>
  <dt>d</dt>
  <data>
    6.0277852805074594e-01 -2.6125618286048025e+00 0. 0.
    -2.0898076686891631e+00</data></Distortion_Coefficients>
<Avg_Reprojection_Error>6.2089168771117320e-01</Avg_Reprojection_Error>
<Per_View_Reprojection_Errors type_id="opencv-matrix">
  <rows>14</rows>
  <cols>1</cols>
  <dt>f</dt>
  <data>
    5.11001289e-01 5.49373448e-01 4.85241979e-01 5.07288516e-01
    5.36237240e-01 4.29052740e-01 8.86106849e-01 8.48146617e-01
    3.73164713e-01 6.30485117e-01 4.61699724e-01 6.33227110e-01
    6.45826340e-01 8.92851055e-01</data></Per_View_Reprojection_Errors>
<!-- a set of 6-tuples (rotation vector + translation vector) for each view -->
<Extrinsic_Parameters type_id="opencv-matrix">
  <rows>14</rows>
  <cols>6</cols>
  <dt>d</dt>
  <data>
    -2.1189225680911272e-01 1.9462384975812622e-01
    1.5162598424898552e+00 7.0753782964747586e+01
    -6.9918762171800481e+01 1.1480946124026161e+03
    -6.3402558723605854e-02 5.6743536627354674e-01
    1.3995735484531302e+00 1.3819687496716364e+02
    -2.6557975113363469e+01 1.1715491762247409e+03
    -1.8701605923851580e-01 4.6568324967331043e-01
    1.2606344254507149e+00 6.5125873386375090e+01
    -1.0740241933033917e+02 1.2069328853930185e+03
    -4.1379034299384354e-01 1.2588913244205946e-01
    4.7508121225193774e-02 -1.0727033996820523e+02
    -6.3343201865930766e+01 1.2158869730928170e+03
    -5.2538811761909243e-01 3.7897599969732181e-02
    -5.2595052669806241e-02 -2.2737582675286339e+02
    6.6022221671305674e+00 1.1824075088078246e+03
    -3.5043423569824295e-01 3.0809689217906344e-01
    1.4759337125435810e+00 2.2102993478931376e+02 4.8476466668664322e+01
    1.1712764328645574e+03 6.5476940435424791e-01 4.6213594994641521e-01
    1.3203291166913280e+00 5.7003855062498509e+01
    -1.1825194140488716e+02 8.5834857685706208e+02
    -8.4492908612360515e-02 -1.3072281782280051e-01
    4.2746455241549036e-01 -3.3212496097954869e+01
    -8.1447309610640190e+01 9.9122185179583744e+02
    -4.5808729270669493e-02 3.5426776109614894e-01
    1.5129609246461615e+00 4.8301441576006908e+01
    -1.9131290898710975e+02 1.1678023284197379e+03
    -4.0022070582992564e-01 2.2702940382558948e-01
    1.3424021179533214e+00 7.3023803309334227e+01
    -4.9222639954102164e+01 1.2299331748383297e+03
    -2.2503453618924324e-01 -2.3771892310078532e-01
    -2.7998756364630565e-02 3.7496315920467040e+01
    -1.3825362374320969e+02 1.1737921359254542e+03
    -3.7748452283290224e-01 -2.5646751705998772e-01
    1.6430158028960969e-02 -7.6937096941693298e+01
    -8.1798683539384243e+00 1.1612142636796916e+03
    2.9747531928801074e-01 -1.0092769767575265e-01
    9.6159520470585780e-01 2.2848846581872611e+01
    -7.6131908530689643e+00 9.4079392329273298e+02
    6.1426141824827607e-01 4.6593386101447293e-01 1.2589455004487680e+00
    5.4890254416599305e+01 -8.7699723446310486e+01
    9.1806258248556287e+02</data></Extrinsic_Parameters>
<Image_points type_id="opencv-matrix">
  <rows>14</rows>
  <cols>36</cols>
  <dt>"2f"</dt>
  <data>
    3.98018311e+02 1.61327591e+02 4.00019989e+02 1.90150055e+02
    4.01260040e+02 2.18063034e+02 4.03201477e+02 2.46216293e+02
    4.04931427e+02 2.74379974e+02 4.07343201e+02 3.02939301e+02
    3.69147736e+02 1.63355316e+02 3.70531311e+02 1.91229691e+02
    3.72426666e+02 2.19513702e+02 3.73615997e+02 2.47795135e+02
    3.75340790e+02 2.76491974e+02 3.76324249e+02 3.04664734e+02
    3.39795441e+02 1.64318115e+02 3.41802216e+02 1.92708069e+02
    3.42696045e+02 2.20678986e+02 3.44738129e+02 2.49158661e+02
    3.45577545e+02 2.77754120e+02 3.47256744e+02 3.06476776e+02
    3.10736847e+02 1.65988907e+02 3.12104980e+02 1.93408508e+02
    3.13461609e+02 2.22322006e+02 3.14568298e+02 2.50517792e+02
    3.16319611e+02 2.79336639e+02 3.17617798e+02 3.07179932e+02
    2.81633911e+02 1.66956955e+02 2.82927521e+02 1.94970093e+02
    2.83970093e+02 2.22910141e+02 2.85580292e+02 2.51516693e+02
    2.86553619e+02 2.80148865e+02 2.88006897e+02 3.09298920e+02
    2.52497238e+02 1.67530746e+02 2.53724136e+02 1.96057983e+02
    2.54538620e+02 2.24405304e+02 2.55918808e+02 2.52396515e+02
    2.57038757e+02 2.81165527e+02 2.57464966e+02 3.09512024e+02
    4.69970947e+02 2.09571930e+02 4.73463348e+02 2.36454422e+02
    4.76151947e+02 2.63130524e+02 4.80312683e+02 2.90055756e+02
    4.83130280e+02 3.16816772e+02 4.87626862e+02 3.45245575e+02
    4.42847321e+02 2.16146500e+02 4.45041656e+02 2.42053040e+02
    4.48459625e+02 2.68656250e+02 4.51296021e+02 2.95732971e+02
    4.54360077e+02 3.22948853e+02 4.57524567e+02 3.50156982e+02
    4.14631042e+02 2.20896606e+02 4.17579895e+02 2.47574875e+02
    4.20205048e+02 2.73635040e+02 4.22691559e+02 3.00511169e+02
    4.25376099e+02 3.27449188e+02 4.28660065e+02 3.55439606e+02
    3.88131348e+02 2.27551849e+02 3.90150635e+02 2.53032990e+02
    3.92967896e+02 2.79507935e+02 3.95134857e+02 3.05070587e+02
    3.97915039e+02 3.32590912e+02 4.00464417e+02 3.59680328e+02
    3.60919067e+02 2.32681534e+02 3.63587708e+02 2.58472076e+02
    3.65421631e+02 2.83909088e+02 3.68132141e+02 3.11246460e+02
    3.70257446e+02 3.36950897e+02 3.72377777e+02 3.64529968e+02
    3.34996765e+02 2.37366364e+02 3.37165100e+02 2.63200409e+02
    3.39090576e+02 2.88985962e+02 3.41259216e+02 3.14976471e+02
    3.43032745e+02 3.41466400e+02 3.45200653e+02 3.68231567e+02
    3.88706055e+02 1.25678375e+02 3.95231018e+02 1.49433929e+02
    4.01861084e+02 1.73260300e+02 4.09569702e+02 1.97283188e+02
    4.16561249e+02 2.21343567e+02 4.23955414e+02 2.46207916e+02
    3.62412659e+02 1.34857697e+02 3.69051178e+02 1.58057816e+02
    3.75744385e+02 1.82214355e+02 3.82072327e+02 2.06518448e+02
    3.89588776e+02 2.30653976e+02 3.96394165e+02 2.55533554e+02
    3.35369049e+02 1.43428772e+02 3.42486542e+02 1.66993195e+02
    3.48855011e+02 1.91253250e+02 3.55863129e+02 2.15636475e+02
    3.62521362e+02 2.39417145e+02 3.69096405e+02 2.64522644e+02
    3.10090240e+02 1.52411438e+02 3.15493439e+02 1.75941666e+02
    3.22519287e+02 2.00069260e+02 3.28636841e+02 2.23446732e+02
    3.35775665e+02 2.48100845e+02 3.42377991e+02 2.72180603e+02
    2.83957306e+02 1.60659439e+02 2.90017029e+02 1.84587479e+02
    2.95822784e+02 2.08094391e+02 3.02519531e+02 2.32585770e+02
    3.08535828e+02 2.56473785e+02 3.14959290e+02 2.81793427e+02
    2.58171814e+02 1.68700882e+02 2.64078125e+02 1.92599991e+02
    2.70167358e+02 2.16741501e+02 2.75933960e+02 2.40691544e+02
    2.82228546e+02 2.65036469e+02 2.87850922e+02 2.89514435e+02
    2.07154358e+02 1.73020416e+02 2.34306305e+02 1.73474960e+02
    2.61570404e+02 1.74177002e+02 2.88086853e+02 1.74080444e+02
    3.16302124e+02 1.74572418e+02 3.42984558e+02 1.74530396e+02
    2.03931274e+02 1.97750992e+02 2.31258743e+02 1.98712341e+02
    2.58545380e+02 1.98828354e+02 2.86280426e+02 1.99625336e+02
    3.14004150e+02 1.99912872e+02 3.41759674e+02 2.00719269e+02
    2.01392487e+02 2.23393311e+02 2.28841583e+02 2.23277893e+02
    2.57069550e+02 2.24450912e+02 2.84394684e+02 2.24661835e+02
    3.12332764e+02 2.25640961e+02 3.39391479e+02 2.25934723e+02
    1.97798340e+02 2.48378387e+02 2.26622360e+02 2.50030502e+02
    2.53890701e+02 2.49923981e+02 2.81949188e+02 2.51143036e+02
