<?xml version="1.0"?>
<opencv_storage>
<calibration_Time>"Thu Jun  5 20:13:29 2014"</calibration_Time>
<nrOfFrames>62</nrOfFrames>
<image_Width>720</image_Width>
<image_Height>540</image_Height>
<board_Width>6</board_Width>
<board_Height>6</board_Height>
<square_Size>2.6200000762939453e+01</square_Size>
<FixAspectRatio>1.</FixAspectRatio>
<!-- flags:  +fix_aspectRatio +fix_principal_point +zero_tangent_dist -->
<flagValue>14</flagValue>
<Camera_Matrix type_id="opencv-matrix">
  <rows>3</rows>
  <cols>3</cols>
  <dt>d</dt>
  <data>
    4.5964865279181743e+02 0. 3.5950000000000000e+02 0.
    4.5964865279181743e+02 2.6950000000000000e+02 0. 0. 1.</data></Camera_Matrix>
<Distortion_Coefficients type_id="opencv-matrix">
  <rows>5</rows>
  <cols>1</cols>
  <dt>d</dt>
  <data>
    -2.9941926430464388e-01 1.1956892695166574e-01 0. 0.
    -3.1191227154372784e-02</data></Distortion_Coefficients>
<Avg_Reprojection_Error>6.3377037121549662e-01</Avg_Reprojection_Error>
<Per_View_Reprojection_Errors type_id="opencv-matrix">
  <rows>62</rows>
  <cols>1</cols>
  <dt>f</dt>
  <data>
    9.08333123e-01 8.97123992e-01 3.64120215e-01 5.47513545e-01
    6.69083953e-01 6.43209577e-01 5.66917539e-01 5.72043598e-01
    9.26795661e-01 4.98065948e-01 4.39150006e-01 5.83155870e-01
    5.40962696e-01 4.75615501e-01 4.05159593e-01 5.99797010e-01
    6.35743201e-01 7.58620203e-01 5.55552304e-01 6.28144622e-01
    5.75244188e-01 6.76159501e-01 4.48471695e-01 3.74401748e-01
    3.86197060e-01 4.68498349e-01 6.43982708e-01 6.40172541e-01
    6.28013492e-01 5.91617227e-01 5.40259480e-01 5.70173323e-01
    6.13697946e-01 6.69037759e-01 6.87743425e-01 7.56615162e-01
    6.57643795e-01 6.21745706e-01 6.21481836e-01 1.19413817e+00
    8.84770751e-01 6.39110029e-01 5.11025250e-01 6.74244523e-01
    4.00797546e-01 4.94394600e-01 4.87039030e-01 6.55304074e-01
    6.74245715e-01 6.46767199e-01 3.45059067e-01 4.52520788e-01
    4.10233080e-01 4.14172858e-01 5.98899007e-01 6.20473444e-01
    9.18801308e-01 6.99282944e-01 8.48783493e-01 7.57674396e-01
    6.60020530e-01 6.76853359e-01</data></Per_View_Reprojection_Errors>
<!-- a set of 6-tuples (rotation vector + translation vector) for each view -->
<Extrinsic_Parameters type_id="opencv-matrix">
  <rows>62</rows>
  <cols>6</cols>
  <dt>d</dt>
  <data>
    -4.1145055262237518e-01 -2.9375219834665355e-02
    2.1022609025900074e-01 -4.1797488877549561e+01
    -8.0476685206671007e+01 2.1129289353582669e+02
    -5.0484235859300886e-01 3.5151247612245189e-02
    3.2291674371161316e-01 -7.9085866740442743e+00
    -9.8133360138443109e+01 2.2723143021053289e+02
    -4.0966228642115227e-01 2.4093368942230151e-01
    1.0376596197385987e-01 1.5897953499752427e+02 5.1133108896170121e+01
    3.6540340542057783e+02 -4.0759662756198778e-01
    -3.5895433407505450e-01 2.1371293814266040e-01
    -1.1727168534199465e+02 -9.8448045417914187e+00
    2.6314463108375821e+02 -4.2650458948700687e-01
    1.2222861151009892e-02 8.7855524646251903e-02
    -1.6639356329975442e+02 -3.8570701947927728e+00
    2.6239408435424633e+02 6.2193511058216711e-01 9.8148691450360337e-01
    1.4333725819161853e+00 2.2897913774248860e+02
    -1.4729934910091771e+02 2.7812097974231824e+02
    -4.5262365388735504e-01 -9.3843560509938348e-02
    1.3902313606191047e-01 -3.9680301158544509e+01
    -1.0909988991612290e+02 3.3199571845536508e+02
    -4.5107226662348709e-01 -1.2215409649419388e-01
    1.5273637134721058e-01 1.7384939170590290e+01
    -1.0011959907905610e+02 3.4633174705831391e+02
    -1.6169660227191504e-01 4.1266959870606224e-01
    1.5708055546275970e+00 3.3721972574849545e+01
    -1.0811239366694147e+02 2.2196505893459724e+02
    8.5756268766448776e-02 6.0626333569596746e-01 1.4471570994771195e+00
    2.0082543806831313e+02 -7.7330922137390672e+01
    2.6862722999065329e+02 -3.8885778540389299e-01
    -1.5296479029151663e-01 9.3135660057260788e-02
    -1.9661399652502990e+02 -1.0063299762029533e+02
    4.1233549366951792e+02 -3.2389117211867852e-02
    6.0183274371287288e-01 1.4824332146892019e+00 1.2291013095155330e+02
    -5.1106182531738554e+01 2.3986349438630950e+02
    -5.2778910413531499e-01 1.8676656527307298e-01
    1.2706748593520173e-01 6.5052220178459436e+01 7.3935438517684844e+00
    2.9595564563788201e+02 -4.4028844918254234e-01
    3.4229793402285437e-03 1.8089877239576466e-01
    -5.5009563678640916e+01 -5.6907359624131509e+01
    3.0966763288159194e+02 -4.0964687095027147e-01
    3.5664454657031147e-01 6.0858918402817125e-02 4.8987299970652984e+01
    5.4030044139057729e+01 3.6992404845772109e+02
    -2.1165954375191465e-01 -2.5218618336452864e-01
    8.6696709137202316e-02 -1.2407651514855560e+02
    1.6632707289682077e+02 5.0305787161089779e+02
    -2.2609722474089122e-01 -3.3871265926995103e-01
    8.2550140007059541e-02 -9.3459242935847556e+01
    1.6683059338289237e+02 5.5871468678925157e+02 1.4294917622592557e-01
    -1.4531727641594178e-01 1.2521844531907611e-01
    -8.6275997880623024e+01 -3.2345673622196023e+02
    5.3749097956377148e+02 -4.0345581275602960e-01
    -6.5176243388512037e-02 1.2403458939485858e-01
    -1.4731097861678836e+02 1.5765655694440261e+01
    2.8801619771930382e+02 -4.0349038663218850e-01
    -2.0870317138874980e-01 2.2733986614928700e-01
    -1.8506847409327418e+02 -2.9314523585166128e+01
    2.6970273089563949e+02 -4.0146894348383083e-01
    -3.2723095608786396e-01 2.0499819297546262e-01
    -1.8263246354034050e+02 -3.4408203566812958e+01
    2.5945580625165428e+02 -4.2607868773894858e-01
    -6.0709353788631808e-03 7.4340264311719334e-02
    -8.5220707327557079e+01 -7.7242639695322993e+01
    3.1649460831847728e+02 -4.0236219981963384e-01
    1.2429244993655013e-01 1.7831929809743785e-01 8.8984645525769380e+01
    -1.1370929596375271e+02 3.9815592157055482e+02
    9.2861197764930307e-04 6.6810913877485933e-01 1.3603966544261816e+00
    2.6160625447758014e+02 -6.7410273777744493e+01
    3.5012000727498088e+02 2.0614063582250766e-01 8.6808178808316905e-01
    1.1941498010289855e+00 2.1489740114834356e+02
    -1.1581481083837875e+02 4.0260056553481701e+02
    2.7188515744214137e-01 8.0552507358053860e-01 1.1694529191025540e+00
    1.5659410255244239e+02 -6.1019291685973990e+01
    2.9987551695559227e+02 -4.2641687702534861e-02
    5.8429590091637373e-01 1.5043084447091759e+00 1.5382931483587649e+02
    -8.4096960876877603e+01 2.4502386585360952e+02
    3.5912280128764923e-01 9.5797184542962988e-01 1.2707822736959684e+00
    1.5079959789232811e+02 -1.0409241326694926e+02
    2.3856490234120358e+02 -3.0724427416090255e-01
    3.0423249936236846e-01 1.5030967486747062e+00 1.6626988811147257e+02
    -1.1308038737355491e+02 2.7432394969905829e+02
    -4.6397338066799694e-02 5.7620144697718512e-01
    1.4890328279766010e+00 1.2177199947270849e+02
    -5.3622800136518542e+01 2.4724231867374587e+02
    -1.2633205041329451e-01 4.9290766010926751e-01
    1.4314698200843947e+00 1.6508763671447832e+02
    -1.8200905970950140e+02 3.0373365537264237e+02
    -3.7222411581471182e-01 -2.0393017711873082e-01
    4.7762518404368586e-03 -3.0765122224024530e+01
    -1.3212314372152076e+02 2.8591842396353178e+02
    -3.1340988966225736e-01 -6.0432336848349130e-02
    1.4392434601755958e-02 -1.2768929150643827e+02
    -1.2712301506853888e+02 2.8674939606470218e+02
    -2.5188562270088566e-01 -3.9083115120700479e-01
    -1.5076817982892905e+00 -1.7494965723907802e+02
    -2.5442427478202870e+01 2.2991669103429612e+02
    -1.0525041972044961e-01 -4.7363914367935989e-01
    -1.4693303559231370e+00 -1.7987815800595666e+02
    -4.2272359865834389e+01 2.2133487310097129e+02
    -3.7945383453814058e-01 -1.9679869606107441e-02
    1.5848089069587196e-02 -9.5949581855475813e+01
    -1.5902167769039218e+02 2.9149681897999733e+02
    -2.5117076038916863e-01 4.1858238342694454e-01
    1.3027074374869829e+00 -5.1152187553128698e+01
    -1.6435618577529061e+02 3.0175137869914806e+02
    -1.8225047125140009e-01 4.3916265929709108e-01
