<?xml version="1.0"?>
<opencv_storage>
<calibration_Time>"Thu Jun  5 19:59:01 2014"</calibration_Time>
<nrOfFrames>33</nrOfFrames>
<image_Width>640</image_Width>
<image_Height>480</image_Height>
<board_Width>6</board_Width>
<board_Height>6</board_Height>
<square_Size>2.6200000762939453e+01</square_Size>
<FixAspectRatio>1.</FixAspectRatio>
<!-- flags:  +fix_aspectRatio +fix_principal_point +zero_tangent_dist -->
<flagValue>14</flagValue>
<Camera_Matrix type_id="opencv-matrix">
  <rows>3</rows>
  <cols>3</cols>
  <dt>d</dt>
  <data>
    7.0159069073261628e+02 0. 3.1950000000000000e+02 0.
    7.0159069073261628e+02 2.3950000000000000e+02 0. 0. 1.</data></Camera_Matrix>
<Distortion_Coefficients type_id="opencv-matrix">
  <rows>5</rows>
  <cols>1</cols>
  <dt>d</dt>
  <data>
    5.0265629358933313e-02 -3.6512675634091385e-01 0. 0.
    3.6654589371090773e-01</data></Distortion_Coefficients>
<Avg_Reprojection_Error>6.0392100455330644e-01</Avg_Reprojection_Error>
<Per_View_Reprojection_Errors type_id="opencv-matrix">
  <rows>33</rows>
  <cols>1</cols>
  <dt>f</dt>
  <data>
    4.12640095e-01 4.60832536e-01 3.22135895e-01 3.25980008e-01
    5.20993948e-01 8.75143468e-01 8.77912998e-01 7.86139429e-01
    9.07551348e-01 4.78827178e-01 3.70151073e-01 3.39450210e-01
    4.16112453e-01 6.43653631e-01 3.94384503e-01 9.90546465e-01
    5.77332258e-01 4.15011495e-01 1.38019383e+00 4.34405953e-01
    3.01047623e-01 2.99893707e-01 1.02106476e+00 2.92011440e-01
    4.77420330e-01 5.95255375e-01 4.53994781e-01 4.36644882e-01
    6.05619371e-01 3.69348556e-01 2.70718187e-01 3.10930878e-01
    6.54167891e-01</data></Per_View_Reprojection_Errors>
<!-- a set of 6-tuples (rotation vector + translation vector) for each view -->
<Extrinsic_Parameters type_id="opencv-matrix">
  <rows>33</rows>
  <cols>6</cols>
  <dt>d</dt>
  <data>
    -3.8930302902548612e-02 1.6429160301419685e-01
    -1.5443669478288895e+00 5.6437682526975422e+01
    -1.0207943531288626e+01 4.4954339041528993e+02
    1.5625731255138678e-01 2.7524852975519365e-01
    -2.0076969439763503e-02 5.3293605311510284e+01
    3.9300249602488546e+00 4.3743164406915099e+02
    -2.1787964323646082e-02 -5.9195296531613213e-02
    1.5293909801048630e-02 -1.7902780948649396e+02
    -1.3675818856082441e+02 4.2704856621925944e+02
    -3.4537580468115336e-02 6.3169430959383654e-02
    2.4588668535749029e-02 -1.4423529983035144e+02
    -2.6356879017505186e+01 3.4487323824014618e+02
    3.0441661625838978e-01 1.6138965762264090e-01 1.5779553987230630e+00
    2.5243237363781518e+01 -7.1794913965504833e+01
    3.3062260020035097e+02 4.6673373251534894e-02 5.4717549725980918e-01
    1.0952307075343115e-01 -4.0532396000465766e+01
    -8.1680385171208215e+01 3.9164043468270842e+02
    1.9282893436775081e-01 -3.0953060175272074e-01
    -2.7244480848604667e-02 -3.3826515892272432e+01
    -5.5104267420286497e+01 3.1470334105261600e+02
    2.1792431178537378e-01 6.0660078453492239e-01 1.2950928370554690e-01
    2.9074184360164036e+01 -1.0641677961804574e+02
    4.1540428010784200e+02 2.4431021694726995e-01
    -2.0712340922633513e-01 -4.9707949526215378e-03
    -1.2473278148845036e+02 -5.7869022205770676e+01
    2.9486679519512757e+02 2.2312453856458495e-01 7.7990682230382335e-01
    3.5171226653776401e-02 4.9607440660856412e+01
    -3.1006154052038113e+01 5.0246820749158866e+02
    1.9000828257624672e-01 1.3671073559043442e-01 1.8038851099686792e-02
    3.7421990670342820e+00 -4.2662544982530406e+01
    4.3933981092732057e+02 2.0622051267782784e-01 7.8167727935520431e-02
    5.4464288417106682e-02 -1.8003659895008170e+02
    -5.9755952928130064e+01 4.0762861014302689e+02
    -8.5840876629320162e-02 3.6856742513331897e-01
    -1.5050798432218644e+00 -1.3410070047525053e+02
    7.1956605914695588e+00 4.3130457643871807e+02 1.1942376359114404e-01
    7.0879443008611903e-02 4.2683801786231731e-03
    -6.3197240325737582e+01 -6.1944734861917631e+01
    2.5798743559949440e+02 4.1436234529869093e-01 1.1402113387774095e-01
    1.5488154845263999e+00 1.2403589114549398e+02
    -1.3623440328826501e+02 5.3695454625474486e+02
    -1.6542642096347931e-01 5.1350616077476141e-01
    1.1509070032978473e-01 1.5280784070875779e+01
    -2.5845768878219413e+01 4.5533539785830891e+02
    1.2164454871368796e-01 2.7299557085294540e-01 4.3406221833555275e-02
    -3.6441256324716775e+01 -8.2418058689984079e+01
    4.2895418568204542e+02 1.9469040554727399e-01 4.5956945774977948e-01
    6.1706666342750932e-02 -1.3092308455224745e+02
    -3.8598485493017527e+01 4.0044279462938994e+02
    -2.7725680132264052e-01 -5.6530750980186939e-01
    1.4511014974124521e+00 2.4944427977998270e+01
    -6.2218424467431362e+01 3.4443205149452626e+02
    -9.4636394397746487e-02 4.1832867531192786e-01
    1.4921490548805607e+00 1.8240281554595728e+02
    -8.2372371531190552e+01 6.1957620514017026e+02
    6.9989518146953167e-01 -3.8045867751789919e-01
    1.3987867052591989e+00 1.1222588310820294e+02
    -7.8811941264385609e+01 4.5534189506036455e+02
    5.6420071100723479e-01 4.0556883285793176e-02
    -2.7586716674918920e-02 -1.7739239705088661e+02
    -1.2207401650659578e+02 5.2306726126921342e+02
    -1.2497840656153414e-01 3.7384720558404377e-01
    4.8845462888909702e-01 8.0018346660279462e+01
    -3.4790168610293897e+01 5.0349602948247133e+02
    7.0035329526304438e-02 4.1974218654353262e-01 2.6498088472429637e-01
    -1.9029640804072969e+02 -1.7728540245317427e+02
    7.4401705031722190e+02 4.2821285789584190e-01
    -3.2305406899459627e-01 7.7187700016744765e-01
    1.0596171490971088e+01 -1.3074315206945505e+02
    4.7690295790167437e+02 2.4011542197581703e-01
    -1.0735676325405105e-01 7.3393602091480908e-02
    -1.0630990427365553e+02 -1.0041070228633066e+02
    4.6046970460703807e+02 -3.3314571567881750e-02
    -1.4794856657453051e-01 3.4331453020949650e-02
    -1.4066236912043345e+02 -8.5498375706547041e+00
    5.0976593675908111e+02 -7.2658063271659745e-02
    -1.5333073808726827e-01 8.3698311661403554e-02
    -3.0255603997605988e+01 -1.0737444458530015e+02
    4.3624520257599119e+02 3.6354287937957258e-01
    -1.5266551403386927e-01 9.3140664948412111e-02
    -3.0649739613523502e-01 -6.8645455963078575e+01
    3.5714547392719351e+02 1.8866667415729158e-01 1.4351609131463630e-01
    3.1527540818593679e-02 -1.5677571758554348e+02
    -1.2344263084087957e+02 4.3547763707324378e+02
    2.6984095598929481e-01 1.3517960666124651e-01 1.0635979140857071e-01
    -1.3357894387286422e+02 -7.0842271856169443e+00
    4.5890495763175039e+02 2.2670980953729358e-01 1.0569408426337727e-01
    3.4801645174416113e-02 -1.7414920474677336e+02
    -3.9242360154646853e+01 4.3439276038464857e+02
    5.3541296484984624e-02 -4.7368787168266951e-01
    5.5193239401246721e-02 -1.4584339805581672e+01
    -1.1209689908157698e+02 4.1715462733405673e+02</data></Extrinsic_Parameters>
